arm,seed,step,novelty_vector_count,h_n_latest,h_n_shape_latest,V,H_N,L_t,total_suppression,avg_wb,theta_capability,transfer_state,g,population,x_compute,x_bio_welfare,x_novelty_agency,x_institutional_capacity,x_transfer_comprehension,x_resilience,c_protective,c_suppressive,adapter_active,action_modified,adapter_score,shape_fallback_increase
M1,1835086607,0,200,0.9861978277826817,0.9862062150844229,0.09293309434659747,0.9861978277826817,0.10343432145294457,0.014000000000000002,0.6658120684083723,0.5070839435211352,0.55,1.3847312930299396,207,0.0885492940141898,0.20273408061098724,0.03937855021166179,0.253251002613418,0.35389023157537547,0.06219684097436761,0.2,0.0,False,False,0.0,2
M1,1835086607,1,207,0.9879398000756784,0.9879447772260709,0.0971011700934568,0.9879398000756784,0.1247460027234495,0.014000000000000002,0.6776417524158695,0.5118534320934947,0.5950000000000001,1.2694876990648527,207,0.06404607185520313,0.1915239238368062,0.02057788557317983,0.2868530861714143,0.3669190538091852,0.0700799787542113,0.2,0.0,False,False,0.0,0
M1,1835086607,2,207,0.9844319846737662,0.9866249818589973,0.04862826376749962,0.9844319846737662,0.14255442413737202,0.326,0.6904624942719971,0.5208200859201717,0.6120812266037202,1.2323627787630118,209,0.11949156789189702,0.19968710156866287,0.09953512745284923,0.2615339566624788,0.18290613301860079,0.13684611340551134,0.6,0.2,False,False,0.0,0
M1,1835086607,3,209,0.9822193614325513,0.9894363988509345,0.039169068864991954,0.9822193614325513,0.16041796043257778,0.4,0.7028959413571181,0.5303038037163902,0.6362039912330003,1.1858706410403306,209,0.1315590261528387,0.17176215102163642,0.04102455492676042,0.2383470760376779,0.2266544364482604,0.19065275541282628,0.0,0.4,False,False,0.0,0
M1,1835086607,4,209,0.9870310739196131,0.9870415246125596,0.0911890197272287,0.9870310739196131,0.181457511729017,0.126,0.7139974074823202,0.5537886135305706,0.6477331332487921,1.1974331419831663,210,0.3419723292669707,0.16589613228341313,0.0282255795447666,0.22946982499342478,0.17574770569545897,0.05868842821596602,0.6,0.0,False,False,0.0,0
M1,1835086607,5,210,0.9879063416828558,0.9879066923798321,0.11821647658547856,0.9879063416828558,0.2081926910757288,0.05600000000000001,0.7262533248837042,0.5642813614935323,0.6829598199239129,1.1376598149602255,216,0.1647772329936267,0.24229241643704777,0.0013227671881949905,0.1905481777269967,0.3199059427746652,0.08115346287946847,0.4,0.0,False,False,0.0,0
M1,1835086607,6,216,0.9825265896958736,0.9826569240460907,0.071066850905755,0.9825265896958736,0.2275420980293894,0.256,0.7406479143048704,0.5611401205488846,0.699532879600341,1.083057177546019,219,0.0009103391253629631,0.3024744274186799,0.03629360267841357,0.39643889687470085,0.22434520834409746,0.03953752555874508,0.4,0.2,False,False,0.0,0
M1,1835086607,7,219,0.9875094204385966,0.98750963931242,0.12196587190384146,0.9875094204385966,0.24709975781130977,0.05600000000000001,0.7514371451025476,0.5605902907511612,0.729579591640307,1.0225398337069973,218,0.03133970287151027,0.22463544796830703,0.07329657372309782,0.2374328321340442,0.3454863848874993,0.08780905841554121,0.4,0.0,False,False,0.0,0
M1,1835086607,8,218,0.9875133593293467,0.9880564951802427,0.05974940278495463,0.9875133593293467,0.2722918189336311,0.35,0.7601197948122328,0.5611449440185141,0.7566216324762762,0.9756954006972557,224,0.0448020975613876,0.2575941168499706,0.08824313730154892,0.22995099085060808,0.3028371061520918,0.07657255128439305,1.0,0.0,False,False,0.0,0
M1,1835086607,9,224,0.9906446570052696,0.9906464155395303,0.10540438585750676,0.9906446570052696,0.2992171751579932,0.126,0.7667622753795758,0.5720360863564493,0.774769691139653,0.9629196878348931,226,0.17435486923576063,0.20387631777510498,0.015652480957614408,0.30527957595816263,0.26905110955502193,0.03178564651833552,0.6,0.0,False,False,0.0,0
M1,1835086607,10,226,0.9845385626940398,0.9848365312319801,0.06450242215883319,0.9845385626940398,0.3118670188718106,0.326,0.7724972871345461,0.5871974529731264,0.7667661945435473,0.9913436814841255,227,0.2345396366812449,0.22912274802437158,0.06076566577270524,0.24774690930393775,0.1473673625892982,0.08045767762844235,0.6,0.2,False,False,0.0,0
M1,1835086607,11,227,0.9782818045753523,0.9816644315631807,0.045138376525340015,0.9782818045753523,0.3361021257270447,0.42400000000000004,0.7783905582275465,0.5984305464932625,0.780005039355074,0.9856410570432798,232,0.19491207710990524,0.2935148008633462,0.006376646877132667,0.24084533228997707,0.24957732132940708,0.01477382153023159,0.8,0.2,False,False,0.0,0
M1,1835086607,12,232,0.9871679566804367,0.9872287856955818,0.0771696647649229,0.9871679566804367,0.36350868939677516,0.256,0.7815914573897651,0.602176077098669,0.7886691779631064,0.9768971119002922,238,0.1083382241258705,0.21333048899115245,0.10689945263432117,0.33548562506478713,0.233323212717699,0.002622996466169625,0.4,0.2,False,False,0.0,0
M1,1835086607,13,238,0.9928471440891773,0.9928631600591602,0.08783753108077355,0.9928471440891773,0.3714628037120063,0.256,0.7873601517642497,0.6027969056768088,0.795797531628092,0.9620441324546329,233,0.07162040541341536,0.16850804117187554,0.19646859346648424,0.2727567272596577,0.22997635730648083,0.060669875382086395,0.4,0.2,False,False,0.0,0
M1,1835086607,14,233,0.9893101440378556,0.9893176838476432,0.09380609114331565,0.9893101440378556,0.3947456588049112,0.2,0.787470125031063,0.6072775894806935,0.8162177784652828,0.9448157359346392,239,0.12025661359656566,0.19551164175168742,0.08027118322178924,0.2281435889704896,0.3374995330344372,0.038317439425031,0.0,0.2,False,False,0.0,0
M1,1835086607,15,239,0.987667786921995,0.9876677876538813,0.16734455321710698,0.987667786921995,0.40211538949377007,0.0,0.791753971154365,0.6090762447085534,0.8345960006187545,0.921732947823088,237,0.08953168377368186,0.27972941201188295,0.010065253531122344,0.1989117846283468,0.3317650964828914,0.08999676957207468,0.0,0.0,False,False,0.0,0
M1,1835086607,16,237,0.9866553943462916,0.9866621606834685,0.09464627105457345,0.9866553943462916,0.4187078378319966,0.2,0.7918791408827236,0.6161104158475159,0.8453465591934726,0.9203750952379638,242,0.1560997921798775,0.320962345094919,0.054411001357287846,0.19126858190697396,0.27105079318296754,0.006207486277974164,0.0,0.2,False,False,0.0,0
M1,1835086607,17,242,0.9874756675074554,0.9874863040085465,0.09105232310365137,0.9874756675074554,0.4296336753175555,0.21400000000000002,0.7984656555029724,0.6306947319631383,0.8429176258479215,0.9370825003640082,240,0.25487296134997706,0.21832816574258795,0.08325445577805735,0.22185875608511033,0.21052861286898114,0.011157048175286212,0.2,0.2,False,False,0.0,0
M1,1835086607,18,240,0.988135859630969,0.988135862212763,0.15731373783087166,0.988135859630969,0.4403497661092341,0.0,0.7945263298284311,0.6445544850760951,0.827835570934463,0.9799575367728073,242,0.25493112138892177,0.159141486465351,0.047174044915530414,0.3037795806340633,0.1460485383566684,0.08892522823946522,0.0,0.0,False,False,0.0,0
M1,1835086607,19,242,0.987912344232326,0.9879448117437245,0.08217298568044328,0.987912344232326,0.4422276189223488,0.256,0.7957412633371851,0.6436262872053112,0.8336528629043163,0.9702343547310995,244,0.07874407978776099,0.29572268951022207,0.06426042418324886,0.17049138559503507,0.24300424531649784,0.14777717560723527,0.4,0.2,False,False,0.0,0
M1,1835086607,20,244,0.9845406738199273,0.9845446699606102,0.09882119040442812,0.9845406738199273,0.4534716242911353,0.2,0.7992445680131389,0.6585461283159332,0.8141539740178151,1.0120453188747671,247,0.276264443386094,0.24500030999997516,0.05235927478671334,0.2585879547316506,0.11933198701965213,0.0484560300759149,0.0,0.2,False,False,0.0,0
M1,1835086607,21,247,0.9883534711205716,0.9883537307877941,0.12061225255395311,0.9883534711205716,0.48398645047929667,0.126,0.7928652773761856,0.6696786648921944,0.8150932117566839,1.0362386529932364,258,0.23824803740072373,0.17569443987129751,0.08981057106124365,0.24469782821489452,0.21177317570325166,0.03977594774858896,0.6,0.0,False,False,0.0,0
M1,1835086607,22,258,0.9772798625591915,0.9884304154941268,0.035697984329735824,0.9772798625591915,0.4929255692667716,0.526,0.798616877370519,0.6788251774587966,0.8333824496504687,1.0199411347987126,257,0.2203805726401479,0.218184518184884,0.03561773133417529,0.1790504036379349,0.298992795347266,0.047773978855591766,0.6,0.4,False,False,0.0,0
M1,1835086607,23,257,0.9751416139322914,0.9894694906066185,0.03371061402432159,0.9751416139322914,0.5077164061236294,0.526,0.8036076331710902,0.669962062310504,0.8500442046854219,0.980764294515438,258,0.0009767965580906254,0.2063101285568106,0.013768847037174254,0.42549096372363826,0.3348532314285515,0.01860003269573469,0.6,0.4,False,False,0.0,0
M1,1835086607,24,258,0.9860212464327385,0.9882276116904086,0.048592807539213,0.9860212464327385,0.5338174307812756,0.42400000000000004,0.8083855065515516,0.6864639591949788,0.8396968820997888,1.011292256157257,260,0.3389914944025887,0.17803657928321334,0.0012864142465487006,0.30828856746097855,0.17328548941454563,0.00011145519212509422,0.8,0.2,False,False,0.0,0
M1,1835086607,25,260,0.9865620211131478,0.9865848520384931,0.08496495368480117,0.9865620211131478,0.5590932473105519,0.256,0.807412542860392,0.6910902866118288,0.8557271938898099,1.0002394138722526,263,0.17436906720748643,0.18890640162996572,0.02877790610602753,0.26450427115869146,0.31279696169598636,0.030645392201842474,0.4,0.2,False,False,0.0,0
M1,1835086607,26,263,0.9850702302538078,0.9850702315566676,0.16273308041333973,0.9850702302538078,0.5587963115868008,0.014000000000000002,0.8096020983177911,0.6993018484198019,0.8320382416339976,1.0381252719401488,264,0.2220759517320575,0.204165179833608,0.06831506075361786,0.33987167894332093,0.10941883566584394,0.05615329307155194,0.2,0.0,False,False,0.0,0
M1,1835086607,27,264,0.985292507996807,0.98532546153795,0.0820335759639377,0.985292507996807,0.5719761674692443,0.326,0.8139271332463485,0.6900721341403308,0.8374128705407634,1.0124400872186554,268,0.009192226768985996,0.25904843765104135,0.16662626828581245,0.31345962174488234,0.24289226535082772,0.008781180198450055,0.6,0.2,False,False,0.0,0
M1,1835086607,28,268,0.9895289958173308,0.9895343687189696,0.09650493745005095,0.9895289958173308,0.6046422287080637,0.22400000000000003,0.8092136775970556,0.7032413207952888,0.8315588747430481,1.045076695299892,278,0.28340991702468266,0.20173047562991972,0.010312118360672952,0.3067855833340062,0.18943645628180508,0.008325449368913444,0.8,0.0,False,False,0.0,0
M1,1835086607,29,278,0.9911606745210091,0.9911628595706302,0.10367994149868376,0.9911606745210091,0.6091373143476175,0.2,0.812578813200294,0.7090110906575644,0.8228098862609404,1.0604447171411189,277,0.1991479487755007,0.1878718453175845,0.01980160547490192,0.2918476503151525,0.17203449496098544,0.12929645515587493,0.0,0.2,False,False,0.0,0
M1,1835086607,30,277,0.9866269894905803,0.9866271024142843,0.1272265971739603,0.9866269894905803,0.6152696653159117,0.126,0.8166263403787838,0.699591420820532,0.8319374048625655,1.0297467735563532,280,0.012886058698073225,0.43462301099502515,0.03608590648528764,0.24878655116874024,0.25704253613859573,0.010575936514278001,0.6,0.0,False,False,0.0,0
M1,1835086607,31,280,0.9915340885962395,0.9915435043391305,0.09205536194579804,0.9915340885962395,0.6314584949470397,0.256,0.8165535211270044,0.698805376167416,0.8479983468622851,1.0091984527026663,279,0.11491907984888132,0.1657194636295484,0.06052984501981097,0.32098943566438753,0.2962734124298812,0.04156876340749066,0.4,0.2,False,False,0.0,0
M1,1835086607,32,279,0.9794675945892007,0.9859721649583053,0.03996851600869748,0.9794675945892007,0.6279876138565957,0.526,0.8191621595682611,0.7000634800099387,0.8414030838235771,1.0156952954247878,280,0.13997965813616783,0.24074430445771325,0.05608277056490505,0.28455721296950237,0.19102285823760215,0.08761319563410937,0.6,0.4,False,False,0.0,0
M1,1835086607,33,280,0.9895952096160143,0.9895952119194478,0.15823359993074415,0.9895952096160143,0.6328793522232781,0.014000000000000002,0.823991839376973,0.6910330352020146,0.8572627754412194,0.9782772026484297,279,0.012159114907160994,0.21066910170198366,0.08155499176277389,0.2044595873375588,0.4877463634619398,0.003410840828582804,0.2,0.0,False,False,0.0,0
M1,1835086607,34,279,0.9890341418295044,0.9890342251408061,0.12966687731925805,0.9890341418295044,0.6402945974269286,0.126,0.8258025403409182,0.6935557483852377,0.8715364978970975,0.9636505687423262,279,0.15092956179154804,0.2668887159432436,0.03428695119667724,0.20203130492533763,0.33636289792879276,0.009500568214400604,0.6,0.0,False,False,0.0,0
M1,1835086607,35,279,0.9898977787438282,0.9898980501783688,0.12027188920057821,0.9898977787438282,0.6462044733082896,0.126,0.8334071069854869,0.6938246415723771,0.8843828481073878,0.9413523457461259,277,0.12433350758001586,0.2614388049980979,0.0032757567265751567,0.20426865507484815,0.37611589072416346,0.03056738489629949,0.6,0.0,False,False,0.0,0
M1,1835086607,36,277,0.9901561583156978,0.9901607180202296,0.09781630450128193,0.9901561583156978,0.6720269645206227,0.256,0.8307073905690846,0.693330288466233,0.895944563296649,0.9315602746227255,283,0.11496098715593511,0.1856040873540714,0.04769778751532648,0.3167482076481436,0.32980633078454835,0.00518259954197504,0.4,0.2,False,False,0.0,0
M1,1835086607,37,283,0.9901373583644292,0.9901389425661495,0.10623133914850341,0.9901373583644292,0.6707303422387332,0.2,0.8320743924702542,0.695742702042418,0.903025387750141,0.9259478820777319,279,0.1509865999937078,0.16900995003699845,0.14867030470786188,0.23787236382941923,0.28337640391578456,0.01008437751622794,0.0,0.2,False,False,0.0,0
M1,1835086607,38,279,0.9890373287189445,0.98903733183804,0.1558160763282655,0.9890373287189445,0.6868859034578291,0.05600000000000001,0.8342741701063388,0.6960646829818821,0.9102915948628401,0.916558667456418,282,0.12636395051981292,0.19839107473949238,0.01575954465451942,0.2535174230327589,0.2878437294385658,0.1181242776148505,0.4,0.0,False,False,0.0,0
M1,1835086607,39,282,0.9848909460787955,0.9848921528525485,0.10835522264364918,0.9848909460787955,0.6908547627627907,0.21400000000000002,0.8337726833453152,0.6972122899702022,0.9123688355574201,0.9165305155999742,285,0.1368855142176781,0.29893926631546924,0.03159510089571207,0.22504325539044137,0.26553200090432033,0.042004862276379035,0.2,0.2,False,False,0.0,0
M1,1835086607,40,285,0.9845239725685225,0.991768472528389,0.03915757597008169,0.9845239725685225,0.7102202311105101,0.526,0.8274706036207881,0.6905697737293607,0.9211319520016781,0.9060103186206381,294,0.040226228220857564,0.22784894808175488,0.02301218076938558,0.25919988891204737,0.44595264930482537,0.003760104711129246,0.6,0.4,False,False,0.0,0
M1,1835086607,41,294,0.991636919629326,0.9916369205617236,0.16544907147629204,0.991636919629326,0.6904273265555674,0.0,0.82376253228289,0.7014071854755235,0.9290187568015102,0.9165236867833879,287,0.2545737554078852,0.18063970598214155,0.0038827968812513844,0.11272525517856,0.3870875670879117,0.061090919462250176,0.0,0.0,False,False,0.0,0
M1,1835086607,42,287,0.989158820861339,0.9891589089852127,0.12922084877917953,0.989158820861339,0.690059308729773,0.126,0.8248513269018805,0.6961415408518359,0.9300389607295645,0.9074458746574676,286,0.060058933126107585,0.16638828205659079,0.08282413291487205,0.32178934257667724,0.2696103980410265,0.09932891128472589,0.6,0.0,False,False,0.0,0
M1,1835086607,43,286,0.9863858416419432,0.9863858645422899,0.139925430648064,0.9863858416419432,0.6865976300688414,0.126,0.8288106139642949,0.7006914286687544,0.9332383213744837,0.9058972410232111,286,0.17946206074387944,0.2808547050360647,0.04972825752776885,0.16358536735601692,0.28101628358937847,0.04535332574689159,0.6,0.0,False,False,0.0,0
M1,1835086607,44,286,0.9899508544526573,0.9899526932207396,0.10504366957630414,0.9899508544526573,0.6991293983168313,0.21400000000000002,0.8285623250769936,0.7066373894490218,0.9189923588740798,0.9280246898966485,289,0.1997566526713127,0.22851366823322564,0.03267287498334047,0.29165043538658014,0.19538934818522222,0.05201702054031872,0.2,0.2,False,False,0.0,0
M1,1835086607,45,289,0.9873959120269773,0.9886445099572305,0.053128036306643256,0.9873959120269773,0.713647078241201,0.456,0.8249035475464637,0.7093689198156702,0.9270931229866718,0.9275677180217059,292,0.163292497988744,0.17870111023192845,0.006346285339300019,0.25009853647887387,0.37484775860823505,0.026713811352918677,0.4,0.4,False,False,0.0,0
M1,1835086607,46,292,0.986681224687066,0.9868492553296764,0.06907853531363654,0.986681224687066,0.7168106437844324,0.35,0.8292255165556041,0.7075994860380738,0.9288849966758667,0.9186559728059975,292,0.10873765266483808,0.23936059746967756,0.14052263036346857,0.2349870572362909,0.27250592993931,0.003886132326414863,1.0,0.0,False,False,0.0,0
M1,1835086607,47,292,0.9726245022914304,0.989718290586248,0.03230759774648006,0.9726245022914304,0.7042575114891194,0.55,0.8220935965965853,0.7029020679546774,0.93599649700828,0.9134806078353209,291,0.07103195273134097,0.17577552092343685,0.08145738111795828,0.2655910155451853,0.3080352256996798,0.0981089039823989,1.0,0.2,False,False,0.0,0
M1,1835086607,48,291,0.9877607579161107,0.987853592094702,0.07380959541827918,0.9877607579161107,0.7296482224503154,0.326,0.8205389501455733,0.7172848590900835,0.9164514639994361,0.9538563886945831,298,0.30659868166425097,0.1907553471871018,0.050451953706106924,0.23200062623485693,0.1702730834599205,0.049920307747762946,0.6,0.2,False,False,0.0,0
M1,1835086607,49,298,0.9908369236849129,0.9909764729650337,0.070590169897853,0.9908369236849129,0.696260919471773,0.35,0.8270441055457624,0.713188698889008,0.9248063175994925,0.9324487995840832,288,0.08460103441785817,0.4072148213835463,0.005214789352711939,0.12443250067693698,0.32760932261605535,0.05092753155289141,1.0,0.0,False,False,0.0,0
M1,1835086607,50,288,0.9839413972054921,0.983941398568505,0.16236466832329022,0.9839413972054921,0.6733943616912538,0.0065,0.8269096338566921,0.7080088050548411,0.9285057508697656,0.9221381912485564,282,0.06849426387854292,0.21873821556328749,0.15171803081322133,0.21710887393480024,0.28090032515111196,0.06304029065903607,0.0,0.0065,True,True,0.03,0
M1,1835086607,51,282,0.9886814421424759,0.9886814617331375,0.14118649460578558,0.9886814421424759,0.6749772279207288,0.069,0.8248972452795971,0.7183913964856292,0.9332398772607324,0.9331854985746931,283,0.25978789604412733,0.18621545667917466,0.014341365336778024,0.13094711745660392,0.2879235073897168,0.1207846570935993,0.4,0.013,True,True,0.06,0
M1,1835086607,52,283,0.9909793611708893,0.9909793815976632,0.14087229492833375,0.9909793611708893,0.6737292767803855,0.07550000000000001,0.8278232225867096,0.7182433027760837,0.933371846432711,0.9295639715781666,280,0.13464345143420023,0.20026479976098951,0.048314161679507917,0.22668384406674144,0.26727978449025924,0.1228139585683016,0.4,0.0195,True,True,0.09000000000000001,0
M1,1835086607,53,280,0.9694436964300133,0.989227513811672,0.031140291295403487,0.9694436964300133,0.671482448272717,0.576,0.8234085655122197,0.7200859403978614,0.9172202044468613,0.9534443252727182,287,0.15943503450727411,0.17105516454425554,0.04784775661429193,0.34262160364289573,0.1859277132871067,0.09311272740417613,1.0,0.226,True,True,0.12000000000000001,0
M1,1835086607,54,287,0.9858051721640142,0.9872868455017073,0.0517547242211949,0.9858051721640142,0.6791846212234027,0.4325,0.8249259548661745,0.7216555909322437,0.9254981840021751,0.9452342323644352,286,0.15717434442844153,0.2663890743215252,0.04768185054713281,0.1621658777390953,0.3133155332156901,0.05327331974811507,0.0,0.4325,True,True,0.15000000000000002,0
M1,1835086607,55,286,0.9865775222675469,0.9865775268831873,0.15267664054061708,0.9865775222675469,0.6908222742966396,0.039,0.8208115336413034,0.7221435985724596,0.9244498287079493,0.9516927682321658,292,0.14463483983535033,0.2458426573604515,0.05184995132763165,0.21925048973003378,0.25750731552995887,0.08091474621657392,0.0,0.039,True,True,0.18000000000000005,0
M1,1835086607,56,292,0.9694457960774601,0.9915491219141855,0.03027646676380689,0.9694457960774601,0.6926276979219745,0.5715,0.8195793246078641,0.7324474209962593,0.928782749282714,0.962213220591989,291,0.26763752940528285,0.1660667746745253,0.040433785359693795,0.24083180367420018,0.28388951722779804,0.0011405896584999425,0.6,0.4455,True,True,0.21000000000000008,0
M1,1835086607,57,291,0.9927401123895998,0.992740122880194,0.14619076020559732,0.9927401123895998,0.7048041262090362,0.052,0.814858250024328,0.7458250499464463,0.9296504817654816,0.9845441596307825,288,0.33390459433017317,0.15287134483025636,0.03281519910566805,0.18180085745165908,0.26873003705519477,0.029877967227048628,0.0,0.052,True,True,0.2400000000000001,0
M1,1835086607,58,288,0.9904298980946816,0.9904750669149348,0.0795651916052541,0.9904298980946816,0.7069053121607892,0.3145,0.8184906211847293,0.7367835077435709,0.9366854335889334,0.9610199914423903,286,0.04062137868058683,0.22300443971309367,0.02859032172592566,0.2646681854295163,0.36287023706851,0.08024543738236758,0.4,0.2585,True,True,0.27000000000000013,0
M1,1835086607,59,286,0.9920473298394857,0.9920487270217831,0.10724664684643223,0.9920473298394857,0.6959042074588606,0.191,0.8196011535767396,0.7356308128839947,0.9249967892030675,0.9703247872674648,281,0.13358100659502886,0.18831233454135485,0.10222369760572625,0.3343424417810222,0.20989949486513726,0.031641024611730684,0.6,0.065,True,True,0.30000000000000016,0
M1,1835086607,60,281,0.9084491886262964,0.9910060798789395,0.019782641186312122,0.9084491886262964,0.6633020148444501,0.6715,0.8191505683728987,0.7407664221295667,0.9206403345219195,0.982262475132919,289,0.21146437362214635,0.1750373283571841,0.02933718802074123,0.26720481540536045,0.2407161211957936,0.07624017339877415,0.0,0.6715,True,True,0.3300000000000002,0
M1,1835086607,61,289,0.9850517269117455,0.9850847309032896,0.08201945375318302,0.9850517269117455,0.7348677468752047,0.29200000000000004,0.8135964195926509,0.7409071526232859,0.9190889208837496,0.9908256201226544,295,0.15223814500246988,0.15697636121673494,0.10044985168655667,0.2675502467909018,0.25256309907011015,0.0702222962332266,0.2,0.278,True,True,0.3600000000000002,0
M1,1835086607,62,295,0.9803992414292154,0.9903640773633744,0.03660846552410005,0.9803992414292154,0.7404112526142202,0.5405000000000001,0.8147220725363499,0.7354189144332318,0.911765698252622,0.9900156582131586,300,0.08196399301387747,0.24462914420956655,0.09743259299078892,0.32217529547859725,0.2229283472862365,0.030870627020933374,0.4,0.48450000000000004,True,True,0.39000000000000024,0
M1,1835086607,63,300,0.9430022436145707,0.9860466820553099,0.02492674126230643,0.9430022436145707,0.7115539465496687,0.617,0.8188864501192085,0.7466233820786213,0.9098408607029738,1.0021032361897206,301,0.28719266708813884,0.19733247390243716,0.062290591590972715,0.14472795725115986,0.24625866137806998,0.06219764878922151,0.6,0.491,True,True,0.42000000000000026,0
M1,1835086607,64,301,0.9123371110550247,0.9876859855367267,0.020483150138085077,0.9123371110550247,0.7147760987304088,0.6475,0.8173057700034323,0.7497514635140397,0.9135033030763703,1.0042055914035921,311,0.1932406317418666,0.258830962323387,0.05181230970483472,0.22224748100953604,0.27323264221846927,0.000635973001906364,1.0,0.2975,True,True,0.45000000000000023,0
M1,1835086607,65,311,0.9863355761148872,0.9863358952782961,0.11895380255736845,0.9863355761148872,0.7741241368185259,0.16,0.8200771566155984,0.7396532227636696,0.9084913787483719,0.992779106781408,313,0.029866655316649143,0.24498150836012061,0.06609155771001081,0.3611796805121,0.23169202989819349,0.06618856820292601,0.4,0.104,True,True,0.48000000000000026,0
M1,1835086607,66,313,0.9222710578479182,0.9877596326200947,0.021600170375042232,0.9222710578479182,0.7334717205295669,0.6365000000000001,0.8172596537710833,0.7302896153549446,0.9176422408735347,0.9737818350643528,316,0.03273817161823099,0.17516316268522453,0.005836392181557636,0.37106256106180646,0.3978573862166291,0.01734232623655141,0.6,0.5105000000000001,True,True,0.5100000000000002,0
M1,1835086607,67,316,0.9643350310104436,0.9883907824407808,0.02957728270070818,0.9643350310104436,0.7655321330672475,0.5730000000000001,0.8072211344442174,0.7287355455403344,0.9117988310368088,0.9900984909512204,320,0.12450513691421271,0.14022346905360725,0.03426427525928808,0.2630960589432962,0.22960407125313786,0.208306988576458,0.4,0.517,True,True,0.5400000000000001,0
M1,1835086607,68,320,0.9898244047448733,0.9898247184541786,0.11911911231548795,0.9898244047448733,0.7985755634415015,0.1375,0.8060139383786271,0.7356551899338445,0.9206189479331279,0.9914066824886154,320,0.22945527088158563,0.173172646670884,0.004077057130618167,0.23271877730144488,0.33918844896072226,0.02138779905474506,0.2,0.1235,True,True,0.5700000000000001,0
M1,1835086607,69,320,0.897212128094397,0.9887685808293519,0.018941034690486008,0.897212128094397,0.7278237783486886,0.656,0.8052139729871968,0.7258109279503369,0.9285570531398152,0.970741523363386,321,0.02423121891480809,0.19943027739145053,0.014969113958196811,0.3484701646093556,0.3723223506949175,0.0405768744312715,0.6,0.53,True,True,0.6,0
M1,1835086607,70,321,0.9895883508800748,0.9895893255866252,0.11009312348399833,0.9895883508800748,0.7970961440417744,0.1505,0.8007185493357303,0.7372885023062211,0.9071171131364034,1.0150658376963493,322,0.2846015094175132,0.1614733539013494,0.018796521343348416,0.25457415089566804,0.15707882655284863,0.12347563788927224,0.2,0.13649999999999998,True,True,0.6299999999999999,0
M1,1835086607,71,322,0.8371584059062477,0.9920059946203901,0.014784150258983546,0.8371584059062477,0.6904309163523429,0.693,0.8008442973492851,0.7354118693939566,0.9094765950805436,1.0096968942739015,330,0.12484740253808253,0.2310252743621243,0.05877160473672272,0.23802795338329955,0.2653559662889027,0.08197179869086828,1.0,0.34299999999999997,True,True,0.6599999999999998,0
M1,1835086607,72,330,0.9921276407258188,0.9921589061418488,0.08250718001175446,0.9921276407258188,0.8081782364671974,0.27549999999999997,0.7994406597939345,0.7288949968180705,0.9185289355724893,0.9926265663549053,327,0.06567151117264547,0.15255718033611085,0.024266135572195317,0.2318068837539607,0.4253397111088669,0.10035857805622073,0.6,0.1495,True,True,0.6899999999999997,0
M1,1835086607,73,327,0.9929458383496848,0.9929467869396567,0.11033627869769856,0.9929458383496848,0.8182565853299574,0.17,0.7968600784069125,0.7234286796571505,0.9266760420152403,0.9796833273176262,329,0.07473040849979455,0.21807111396211307,0.019367560010199958,0.2803900286806633,0.3106667008802541,0.09677418796697503,0.2,0.156,True,True,0.7199999999999996,0
M1,1835086607,74,329,0.9900544194518988,0.9900571126559027,0.10200666007220249,0.9900544194518988,0.8336583922663439,0.17650000000000002,0.7957341010109278,0.7300840183152557,0.924381326409749,0.9925530038869618,334,0.22283465801203325,0.16657958010386195,0.03379272625002789,0.2496252598028391,0.2518644429801636,0.0753033328510742,0.2,0.1625,True,True,0.7499999999999996,0
M1,1835086607,75,334,0.9820656464225582,0.9938407968609841,0.03530759403424648,0.9820656464225582,0.8170603224113973,0.5189999999999999,0.7973586091281969,0.7255924178573326,0.9250468582099067,0.9837286404949229,329,0.08765750572299619,0.1841421017848662,0.053187185872744874,0.29770379205568015,0.26551832220566296,0.11179109235804974,1.0,0.16899999999999998,True,True,0.7799999999999995,0
M1,1835086607,76,329,0.9908979140111386,0.9909579610438047,0.0773026701832719,0.9908979140111386,0.8366316383166862,0.3015,0.7959678000115269,0.7209534502461306,0.932542172388916,0.9712773122846745,332,0.08300816602080727,0.25365797134130924,0.06664299580433689,0.2724171364114309,0.3064558427998197,0.017817887622296125,0.6,0.1755,True,True,0.8099999999999994,0
M1,1835086607,77,332,0.9500256282283345,0.9904042745126197,0.025470744453422893,0.9500256282283345,0.8062277404184177,0.5960000000000001,0.7927787653929388,0.7218183474976403,0.9359738223367174,0.9727745624773962,333,0.14890712204770395,0.16336239261270855,0.10757427214859451,0.25556120776617863,0.28342933593346537,0.04116566949134896,0.2,0.5820000000000001,True,True,0.8399999999999993,0
M1,1835086607,78,333,0.9893300058750114,0.9901788220465009,0.0562124430738828,0.9893300058750114,0.8396537756019383,0.4025,0.7763111958748843,0.7357274301227583,0.9211191542522685,1.0288813267167587,345,0.376797760156755,0.13942130151193763,0.09640195040845413,0.1760603562085242,0.19371357074611414,0.01760506096821489,0.2,0.3885,True,True,0.8699999999999992,0
M1,1835086607,79,345,0.9684935014098448,0.9903626942068657,0.030351704650136133,0.9684935014098448,0.818478763422493,0.5449999999999999,0.7793789620975721,0.7361669897910146,0.9147218222632256,1.0326154550816047,342,0.1528241396799272,0.19455438335344358,0.024065109105832486,0.33273794887400154,0.22857291718091954,0.06724550180587575,1.0,0.19499999999999998,True,True,0.8999999999999991,0
M1,1835086607,80,342,0.9930918595914047,0.9930971230903394,0.09669730119360005,0.9930918595914047,0.8206647147775485,0.20149999999999998,0.7842501866737118,0.7383026113731966,0.9148613142823142,1.029021645655153,332,0.17429963839665943,0.17023925455770403,0.10934039819504791,0.23758465713517268,0.25805837122705577,0.050477680488360356,0.0,0.20149999999999998,True,True,0.929999999999999,0
M1,1835086607,81,332,0.7308387035589873,0.9921132692309502,0.010620853042091975,0.7308387035589873,0.5744009115225887,0.734,0.781281611784798,0.7505250980106742,0.9051226681641857,1.0613293524262797,319,0.30172021507671737,0.15099415077397418,0.1295234149066451,0.1938171889548972,0.20873742655051467,0.01520760373725153,0.6,0.608,True,True,0.9599999999999991,0
M1,1835086607,82,319,0.9747187451664482,0.9913652213445849,0.032531906639646044,0.9747187451664482,0.7717221842386466,0.5405,0.7898809512389697,0.7447737244763585,0.9146104013477672,1.0309238092991937,316,0.08468601707772472,0.2986815996920882,0.012182497980540868,0.2533358976191135,0.33973900384079475,0.011374983789737935,0.6,0.4145,True,True,0.9899999999999991,0
M1,1835086607,83,316,0.9899568219760809,0.9899639129087826,0.0942998789880744,0.9899568219760809,0.780697933078178,0.221,0.7930684359355595,0.7494931061741317,0.919397736575558,1.0279063453186,316,0.2119758490198891,0.23666204843303568,0.03828258160183973,0.1597076052360364,0.28124187681283763,0.07213003889636145,0.0,0.221,True,True,1.0199999999999991,0
M1,1835086607,84,316,0.9888786857206227,0.9905665822466861,0.050743838097998546,0.9888786857206227,0.7507014270058254,0.4275,0.779578641011596,0.7516502726302015,0.9274579629180022,1.039588946652094,313,0.18289777205970392,0.1301168882517197,0.10975560456324607,0.13894390844832055,0.30538186648414634,0.13290396019286355,0.0,0.4275,True,True,1.0499999999999992,0
M1,1835086607,85,313,0.980614727140258,0.9874920601266636,0.03953719509949585,0.980614727140258,0.7213404747702932,0.458,0.7504184053359467,0.7500661562497642,0.9347121666262019,1.0693458714969593,313,0.1374799656384107,0.09855701886103715,0.04943802052685952,0.2276944002788074,0.4146821374730691,0.07214845722181618,0.8,0.23399999999999999,True,True,1.0799999999999992,0
M1,1835086607,86,313,0.9856223831491213,0.9906642386618373,0.042033983799244265,0.9856223831491213,0.7234883521240985,0.4405,0.742235628374305,0.761371400960412,0.9412409499635818,1.0898179301548836,316,0.29760690653920024,0.14038735539166936,0.04302635865291322,0.1334636094560857,0.3331083222192358,0.052407447740895764,0.0,0.4405,True,True,1.1099999999999992,0
M1,1835086607,87,316,0.9804939390461441,0.9903499987008446,0.03669572238677323,0.9804939390461441,0.7217586533581491,0.47100000000000003,0.7336775425117711,0.7542671887281551,0.944161201871051,1.0888645030792987,318,0.07455447269704611,0.14264367276211945,0.035991143479743866,0.3019263840840798,0.28522173451913696,0.15966259245787387,0.8,0.247,True,True,1.1399999999999992,0
M1,1835086607,88,318,0.9254472968888094,0.989976052467426,0.021735540374575427,0.9254472968888094,0.677939123810752,0.6034999999999999,0.7412406756325118,0.7665538292917473,0.9434154061759588,1.0961764060856092,314,0.36070746470482773,0.16907005550262488,0.03581192255289821,0.1498112688610266,0.26835162246006417,0.016247665918558488,1.0,0.2535,True,True,1.1699999999999993,0
M1,1835086607,89,314,0.989651643305306,0.9897327068112668,0.07490396576506832,0.989651643305306,0.7176208722100322,0.274,0.7446391912000893,0.7717274311891056,0.9185883239114695,1.1282286576740557,311,0.23126616702432087,0.19502371013659295,0.005905484280713998,0.36016717096918743,0.14757229176553283,0.06006517582365187,0.2,0.26,True,True,1.1999999999999993,0
M1,1835086607,90,311,0.8132181208444316,0.988723521525174,0.013760939199441402,0.8132181208444316,0.5728588418108016,0.6805000000000001,0.7402819836699112,0.7708281667992313,0.9267294915203226,1.123588826920134,300,0.15858883961976195,0.14563143856333283,0.10421641795908734,0.2409507341757108,0.3219189030184436,0.02869366666366352,0.2,0.6665000000000001,True,True,1.2299999999999993,0
M1,1835086607,91,300,0.9748251523665531,0.986300640027276,0.03545216770487379,0.9748251523665531,0.6997353053922194,0.487,0.745336517643729,0.7807487338353485,0.9178302480002747,1.1412913414695203,301,0.2932746922009846,0.19167535728441906,0.030907996844384018,0.24424116100343335,0.218868528159922,0.02103226450685692,0.2,0.473,True,True,1.2599999999999993,0
M1,1835086607,92,301,0.9140407053607151,0.9921556783488057,0.020232108825126608,0.9140407053607151,0.6761464439333618,0.6295,0.7430828064152128,0.779249747227044,0.9149866682569233,1.1461057494493367,309,0.15673062604328714,0.18057401640360513,0.07414342621106795,0.3290306385125459,0.24469722528338045,0.014824067546113498,1.0,0.27949999999999997,True,True,1.2899999999999994,0
M1,1835086607,93,309,0.7628985124192796,0.9868216433337554,0.011806275657996076,0.7628985124192796,0.5722273629151555,0.7,0.7300532288414815,0.7840352352519867,0.919739696643531,1.1676592478219334,312,0.23434969232868685,0.12022346001378437,0.03075061299078654,0.3068686698536469,0.2812584760614997,0.02654908875159554,0.2,0.6859999999999999,True,True,1.3199999999999994,0
M1,1835086607,94,312,0.9705622526868816,0.9875637139334028,0.03233336061925865,0.9705622526868816,0.7206698175934079,0.4925,0.7084524485400789,0.7912938807708646,0.9154729419136689,1.2200611239474024,315,0.2682550910184659,0.10967028922576996,0.06207946629528556,0.2574482679692886,0.2385360746724551,0.06401081081873498,0.0,0.4925,True,True,1.3499999999999994,0
M1,1835086607,95,315,0.9668789266290836,0.98529604347199,0.03167840511940648,0.9668789266290836,0.7154321094987162,0.499,0.7150793810284195,0.7920311106474637,0.9148043915746483,1.210764683064979,313,0.19127404893927902,0.28098380768447206,0.04917773180426425,0.20812977903884125,0.2543937192617316,0.01604091327141178,0.0,0.499,True,True,1.3799999999999994,0
M1,1835086607,96,313,0.9916425696494315,0.9924077466743476,0.05705608310070102,0.9916425696494315,0.7100344327013643,0.3195,0.7076330956200655,0.7882075008097139,0.8989687904949448,1.2390470909716798,310,0.13472432118279276,0.1252812615121185,0.0065617633824575075,0.39068922214469115,0.17822419038880694,0.1645192413891333,0.2,0.3055,True,True,1.4099999999999995,0
M1,1835086607,97,310,0.9812623849644351,0.9906655246844951,0.03707272238594339,0.9812623849644351,0.6739936199354286,0.438,0.6988783472570623,0.7888933807346704,0.8968421333134022,1.2586376643137278,299,0.18870318706802797,0.13338261120784875,0.03520264665608172,0.36631477892434444,0.23885110933975964,0.03754566680393743,0.6,0.312,True,True,1.4399999999999995,0
M1,1835086607,98,299,0.8359590918469145,0.9881688622949077,0.014890068151274511,0.8359590918469145,0.5496938156692861,0.6445,0.6870939179542358,0.7901001132166675,0.8861209048746584,1.2976962136144559,292,0.19564251898413224,0.11753381804649621,0.0044558486526254425,0.3584976591439249,0.19481492446298232,0.1290552307098389,0.6,0.5185,True,True,1.4699999999999995,0
M1,1835086607,99,292,0.9501270834236399,0.9903261003138286,0.025505606503911246,0.9501270834236399,0.590070899955294,0.525,0.6746073072885015,0.7982603235432651,0.8975088143871925,1.3184230288005054,280,0.283315199842888,0.11213340353976808,0.03999680995687824,0.1600032595726388,0.3546506796771644,0.049900647410662434,0.0,0.525,True,True,1.4999999999999996,0
M1,1835086607,100,280,0.8254733244325553,0.9847800059526569,0.014499969988858835,0.8254733244325553,0.5264277283186863,0.6575,0.6813079073104605,0.7934789083130569,0.9077579329484733,1.2829859628693818,281,0.12664501183693738,0.23489921087742666,0.003084628254820496,0.2676840967230792,0.34554352883646733,0.022143523471269168,0.6,0.5315,True,True,1.5299999999999996,0
M1,1835086607,101,281,0.5762621743807734,0.9893581432398059,0.006952142074182447,0.5762621743807734,0.36892676274718,0.752,0.6855625403918458,0.7921878651699275,0.9168749366751023,1.260291493487327,277,0.16728627840654292,0.15847251802220397,0.01934046531619876,0.25387487328762354,0.29946398510738187,0.10156187986004891,0.2,0.738,True,True,1.5599999999999996,0
M1,1835086607,102,277,0.5469360521100535,0.9882443639323243,0.006417302977156798,0.5469360521100535,0.3522240814666901,0.7585,0.683282527761367,0.7861598688710434,0.9251874430075921,1.2436003207014852,278,0.10726746199515425,0.1331264801916375,0.03599575525622032,0.2580662315148662,0.3220985344895513,0.1434455365525705,0.2,0.7444999999999999,True,True,1.5899999999999996,0
M1,1835086607,103,278,0.8988276825226744,0.9909599190879573,0.018908753643218614,0.8988276825226744,0.5616538386773196,0.575,0.6621843892189866,0.7901124514072384,0.9283927543099781,1.2852222200301187,274,0.22825719974683975,0.10068030491415868,0.020612763128637693,0.31063541237027237,0.27862027801572575,0.06119404182436587,0.8,0.351,True,True,1.6199999999999997,0
M1,1835086607,104,274,0.9720997551959999,0.9890730183387942,0.03235873009944376,0.9720997551959999,0.5762098022796959,0.4135,0.6401444777763656,0.7852903389383945,0.9355534788789803,1.3112443598028374,268,0.12104387626897599,0.09468460479618261,0.08359951319248823,0.25204904220614854,0.3114375897862869,0.13718537374991777,0.4,0.3575,True,True,1.6499999999999997,0
M1,1835086607,105,268,0.6534064180640333,0.9842622367529376,0.008678150748459184,0.6534064180640333,0.3649110730713044,0.6900000000000001,0.6221771221371103,0.7941344822386729,0.9293269170686547,1.37344571886968,257,0.2888582530899759,0.10570062746463403,0.05033035530795387,0.28596718650833725,0.23664393038786194,0.032499647241237044,0.6,0.5640000000000001,True,True,1.6799999999999997,0
M1,1835086607,106,257,0.9705011767939307,0.9853366113447689,0.03340019418929816,0.9705011767939307,0.5173230647556957,0.3845,0.6087787474299234,0.7890540514133485,0.9363942253617892,1.3841671706941834,249,0.12032866608261632,0.1142546780676684,0.09866707129359613,0.31938119059369124,0.3110081092912826,0.036360284671145396,0.2,0.3705,True,True,1.7099999999999997,0
M1,1835086607,107,249,0.2910802428379452,0.9920136220292637,0.0027647250271175122,0.2910802428379452,0.15857926882594672,0.8330000000000001,0.6250528022978196,0.7825079186659428,0.9427548028256103,1.327924186029494,247,0.09883212279077153,0.21690268385051825,0.013245029833756127,0.35748987904468926,0.3078202755578697,0.005710008922395077,0.4,0.777,True,True,1.7399999999999998,0
M1,1835086607,108,247,0.9705316224733734,0.9815424763429789,0.03574267719888728,0.9705316224733734,0.5011872306668349,0.3975,0.6082733402046545,0.7816149365555543,0.9418730164457461,1.3642743460972344,240,0.16540517278635714,0.09392686190807044,0.13908383560326493,0.2888572044693368,0.2669684695134839,0.045758455719486814,0.2,0.3835,True,True,1.7699999999999998,0
M1,1835086607,109,240,0.7300213747061562,0.9831401415062588,0.01080096891582973,0.7300213747061562,0.3515376133665025,0.646,0.5800547156112238,0.7925341897277766,0.9430398226251641,1.4488352787321037,235,0.32375357692417067,0.0808651499240964,0.03327287003006203,0.18373684461470735,0.276770539119963,0.10160101938700052,0.4,0.59,True,True,1.7999999999999998,0
M1,1835086607,110,235,0.738544405929578,0.9837140789854386,0.011059606941356501,0.738544405929578,0.35366006593478305,0.6525000000000001,0.5982564517999536,0.7855459103540039,0.9487358403626477,1.3840088712051113,229,0.09548037640770235,0.18986304221016925,0.028864965213726966,0.21454638723440758,0.459350630962153,0.011894597971840677,0.4,0.5965,True,True,1.8299999999999998,0
M1,1835086607,111,229,0.9300189144338289,0.9832426882263585,0.023214371035972,0.9300189144338289,0.40919037467890657,0.45899999999999996,0.5646055590459795,0.7962686148363037,0.953499549695344,1.4790878041224698,223,0.33427508422071905,0.07699450889286538,0.08843313300125744,0.16512185576485305,0.2981864668448052,0.03698895127549981,0.4,0.40299999999999997,True,True,1.8599999999999999,0
M1,1835086607,112,223,0.7478185847870222,0.9804569362948151,0.011450835436099798,0.7478185847870222,0.3177611456127629,0.6094999999999999,0.5522124644826506,0.7906961675074425,0.957210336870502,1.4958775646500577,219,0.11551229266192511,0.0987146901866104,0.14175938700975108,0.28334807351713714,0.29530371072346223,0.06536184590111399,0.0,0.6094999999999999,True,True,1.89,0
M1,1835086607,113,219,0.7408925356157314,0.9756991781068037,0.011338266650620486,0.7408925356157314,0.3100663737798487,0.63,0.546116607730432,0.7871423956512683,0.9549007374502764,1.5094185800246642,220,0.13726295648997427,0.1284123793185975,0.10828045641943936,0.2759270884480655,0.2670571713341227,0.08305994798980061,0.2,0.616,True,True,1.92,0
M1,1835086607,114,220,0.6906897933666467,0.9851871410369302,0.009612281007135643,0.6906897933666467,0.2886392586506098,0.6465000000000001,0.5590998798299203,0.7895606025623048,0.9507783702160505,1.485308880749594,217,0.20969158366999802,0.31415493527839966,0.05285279439127382,0.16188428635703284,0.2568385325540088,0.004577867749286916,0.8,0.4225,True,True,1.95,0
M1,1835086607,115,217,0.12342992105004759,0.9839676141309381,0.0010669331516261254,0.12342992105004759,0.04834614037063322,0.885,0.5450180743236469,0.7936667984602928,0.9557005331944455,1.5237210929880687,212,0.23230282532629107,0.08767580051492599,0.06506623388508412,0.2245441189386122,0.313766996098443,0.07664402523664368,0.4,0.829,True,True,1.9799999999999998,0
M1,1835086607,116,212,0.5752600211062099,0.9816957712007028,0.007019636650718096,0.5752600211062099,0.19971109344109286,0.6915,0.5272458502711508,0.7975897139383861,0.9601304798750009,1.5755642478206577,206,0.2325781925138496,0.08913554772087431,0.04299884280834637,0.166091810259016,0.3946529697968472,0.07454263690106648,0.4,0.6355,True,True,2.01,0
M1,1835086607,117,206,0.20093598903680163,0.978126213472465,0.0018304476960031243,0.20093598903680163,0.07262431565617823,0.8420000000000001,0.5462256178471153,0.7938105837384416,0.9641174318875008,1.507352706704933,194,0.13875444371218532,0.17579537156585218,0.07606696065304697,0.21642517055391153,0.3794682266727742,0.0134898268422299,0.0,0.8420000000000001,True,True,2.04,0
M1,1835086607,118,194,0.31214988031212065,0.9770745805676125,0.0030637467599639824,0.31214988031212065,0.10707688553367335,0.7985,0.5431139371900027,0.8041200545515195,0.9625437738581674,1.538188133588623,190,0.32213973294769044,0.1104317100073751,0.05891467498920161,0.2013451384016786,0.2741904257970832,0.032978317856971175,1.0,0.44849999999999995,True,True,2.0700000000000003,0
M1,1835086607,119,190,0.5353911446241134,0.9851230781814196,0.006241613262186556,0.5353911446241134,0.17807649939896042,0.7110000000000001,0.5313752495176735,0.8069716491430102,0.9637495460318803,1.5757697851903973,194,0.22571996648833445,0.10784588728981477,0.07679019250104077,0.23583790594238413,0.28730074779764864,0.06650529998077727,0.4,0.655,True,True,2.1000000000000005,0
M1,1835086607,120,194,0.6191921012074177,0.9744867812180608,0.00803142450379898,0.6191921012074177,0.2224092288863592,0.6755,0.5562590010041862,0.8034470252704746,0.9673745914286923,1.4930883931296446,186,0.14779948230768566,0.20522632996689133,0.058074789544430884,0.21724613548090363,0.34265620503595223,0.02899705766413632,0.2,0.6615,True,True,2.130000000000001,0
M1,1835086607,121,186,0.287813932826776,0.978855561842624,0.00277157097259332,0.287813932826776,0.10617993219352286,0.818,0.5721809340017512,0.8105708789187542,0.9553758981118593,1.4828025826312141,185,0.2787025613975411,0.1795827792699928,0.04675720938209485,0.25497878100099713,0.2236938291301813,0.016284839819192754,1.0,0.46799999999999997,True,True,2.160000000000001,0
M1,1835086607,122,185,0.7971777412754153,0.9789448029387484,0.013402770452661158,0.7971777412754153,0.27987007870025654,0.6005,0.5716168153084887,0.8138184045347261,0.9598383083006734,1.483284409837365,177,0.23470086952386887,0.11142849857439367,0.10663213032803426,0.1743165833247307,0.30315634435814837,0.06976557389082422,0.6,0.4745,True,True,2.1900000000000013,0
M1,1835086607,123,177,0.4463540698458074,0.9720437790358961,0.004892976187891461,0.4463540698458074,0.14577166671459274,0.7370000000000001,0.560346017593882,0.8138644371250228,0.9607322298049605,1.5117968002813282,169,0.19671191021291268,0.07876352120628649,0.09749745588455518,0.24086351323110847,0.2843887616717721,0.1017748377933651,0.4,0.681,True,True,2.2200000000000015,0
M1,1835086607,124,169,0.1548990896910249,0.9733849803161944,0.001379668122853875,0.1548990896910249,0.04328059151490567,0.864,0.5292731990749473,0.8145652508591245,0.9646590068244645,1.5954094222385387,165,0.20492544487941058,0.06832147115930573,0.07652497043374892,0.23884963388373268,0.3265118823809241,0.08486659726287799,0.2,0.85,True,True,2.2500000000000018,0
M1,1835086607,125,165,0.5249873393817376,0.9845599831041352,0.006064763620996209,0.5249873393817376,0.12437526701494288,0.708,0.4982170153319723,0.8094685501330838,0.968193106142018,1.6781061859625057,160,0.13289452271144553,0.09399044230833119,0.08699424681357898,0.2931831297298656,0.316370496154309,0.0765671622824697,0.2,0.694,True,True,2.280000000000002,0
M1,1835086607,126,160,0.8363771949741501,0.9769299191603145,0.01543324998483748,0.8363771949741501,0.171574095352326,0.5005,0.48825478813973433,0.8120093262606559,0.9612371497914561,1.7301508057614265,148,0.22517754542782908,0.09699282637998956,0.09556236761588408,0.30932064580642593,0.2493167713181995,0.0236298434516718,0.0,0.5005,True,True,2.3100000000000023,0
M1,1835086607,127,148,0.42033210621227424,0.9753952805989997,0.004487578790720548,0.42033210621227424,0.09302910957746346,0.7310000000000001,0.5098326765412701,0.8053813358623515,0.9526969546760257,1.6581320613229442,145,0.11215594893410463,0.1954033511550121,0.20104217245379705,0.22718149482005512,0.23791759931857573,0.02629943331845533,0.8,0.507,True,True,2.3400000000000025,0
M1,1835086607,128,145,0.35689160398618397,0.9659575817742214,0.0036711334223859236,0.35689160398618397,0.06841182176331705,0.7695000000000001,0.49865526483242056,0.8095383555318854,0.9513635285608966,1.7064380374911174,133,0.24282608078314263,0.12046571115049598,0.022957103534728754,0.3099374434227734,0.2696813467623672,0.03413231434649213,0.4,0.7135,True,True,2.3700000000000028,0
M1,1835086607,129,133,0.7515241003762737,0.9679416559926854,0.011923890966930837,0.7515241003762737,0.13566831653797246,0.534,0.48941102801389225,0.8030838744991701,0.9562271757048069,1.7160347270945726,129,0.11278045929848717,0.10759034096763763,0.05017103611849029,0.24491085572160523,0.35428289353227166,0.13026441436150799,0.2,0.52,True,True,2.400000000000003,0
M1,1835086607,130,129,0.42532732118473865,0.9619617859753402,0.0046459579547194286,0.42532732118473865,0.08013778605899849,0.7404999999999999,0.5084159326562157,0.7979790532196325,0.9606044581343262,1.6339085356479597,123,0.12561715556776185,0.19520896862285253,0.07291281343801638,0.12227561601335632,0.38593368428867886,0.09805176206933391,0.2,0.7264999999999999,True,True,2.4300000000000033,0
M1,1835086607,131,123,0.8169631232316739,0.9671097490730539,0.014827228954571002,0.8169631232316739,0.16992863236384026,0.547,0.5250613349580291,0.7984530427460939,0.9645440123208935,1.5765846449429641,124,0.19216177734303816,0.1858627566190823,0.07870946252845183,0.21273010735070796,0.30462964707792073,0.02590624908079907,0.2,0.533,True,True,2.4600000000000035,0
M1,1835086607,132,124,0.08838611349818057,0.9624663293243445,0.0007667695963596682,0.08838611349818057,0.016509567227900486,0.8895,0.5206488391651696,0.8026827941654062,0.9680896110888041,1.592514846403617,115,0.23940504445771288,0.08599846830703825,0.1128360273273354,0.15750926911209032,0.3334745100203005,0.07077668077552268,1.0,0.5395,True,True,2.4900000000000038,0
M1,1835086607,133,115,0.35380719234292873,0.9646754487639843,0.0036370410870596916,0.35380719234292873,0.0684942287802701,0.77,0.5490857362785174,0.8102357477443652,0.9556124165414954,1.5441498881088018,109,0.2835886660903664,0.21881885305677806,0.04510325930004071,0.18432222070703572,0.22165883280785845,0.04650816803792075,0.8,0.5459999999999999,True,True,2.520000000000004,0
M1,1835086607,134,109,0.796099678396963,0.9564957258654678,0.014213750798635762,0.796099678396963,0.14390123481407927,0.5525,0.5401378973145305,0.8113480570545746,0.9600511748873459,1.5646174429124478,105,0.2078012087178445,0.10564022892227747,0.08760659341331306,0.21385532487690684,0.3823059284039468,0.0027907156657114543,0.0,0.5525,True,True,2.5500000000000043,0
M1,1835086607,135,105,0.29502576478270914,0.963500453231677,0.0029099998361908183,0.29502576478270914,0.05670055406684857,0.815,0.5581744966930822,0.8135586568841542,0.9527447449984718,1.52982699168201,105,0.22222503352885478,0.16994549786482316,0.03659869063715555,0.20942892683004433,0.2434934379993025,0.1183084131398198,0.4,0.7589999999999999,True,True,2.5800000000000045,0
M1,1835086607,136,105,0.35270626343616013,0.9526041690893778,0.003681056922390027,0.35270626343616013,0.06164427364247656,0.7795000000000001,0.5517981114452857,0.8188156201475041,0.9528182637769834,1.5573844567159072,98,0.26168620134447085,0.10534870881266409,0.0890530668576194,0.2404464353495989,0.27673996639179405,0.02672562124385279,0.2,0.7655000000000001,True,True,2.6100000000000048,0
M1,1835086607,137,98,0.33822234976294757,0.9512339553362386,0.0034974672857634626,0.33822234976294757,0.05176878973793247,0.786,0.5265491397407315,0.8253319355402277,0.9487725191311367,1.6520669591314256,98,0.2807137050012351,0.06690875146334992,0.0013704622035660926,0.23777328965887826,0.2561804086592583,0.15705338301371238,0.2,0.772,True,True,2.640000000000005,0
M1,1835086607,138,98,0.32418295873993974,0.9614314557725088,0.003273689001295875,0.32418295873993974,0.039836772368831166,0.7785,0.49426954267418816,0.8310626577712592,0.9417041046749686,1.7854819143377236,96,0.274966487600536,0.06365697900722356,0.1669767839733851,0.21211214397057634,0.23904418728472765,0.04324341816355127,0.0,0.7785,True,True,2.6700000000000053,0
M1,1835086607,139,96,0.06590541813913095,0.9706973873572273,0.00055967064412569,0.06590541813913095,0.00920445456340621,0.906,0.5229005195422668,0.8234486938485335,0.9405532214373041,1.6743031581754437,92,0.11173961207296475,0.29807936715789746,0.028490339691193096,0.2889738707905313,0.265097636149162,0.0076191741382515025,0.4,0.85,True,True,2.7000000000000055,0
M1,1835086607,140,92,0.17069656615101367,0.9642371703619579,0.0015508819599634645,0.17069656615101367,0.023194502476116142,0.8475000000000001,0.5293682007186974,0.8197947814537512,0.9464978992935738,1.6361670615904391,86,0.15648152872055487,0.1147063175298236,0.19768191743995003,0.17432561170224134,0.3368628075463896,0.019941817061040566,0.4,0.7915000000000001,True,True,2.7300000000000058,0
M1,1835086607,141,86,0.07223648198408837,0.9617642020589207,0.000621511813342885,0.07223648198408837,0.008617229578980708,0.906,0.5027821517489991,0.8180821826526102,0.9400659151152914,1.7308473818529586,87,0.17846425339433267,0.09324214891357373,0.10742265894141854,0.2788663252676676,0.2410890287553749,0.10091558472763267,0.4,0.85,True,True,2.760000000000006,0
M1,1835086607,142,87,0.015756332230816718,0.9523721060153403,0.00013279544675088596,0.015756332230816718,0.004977290265569538,0.9544999999999999,0.4783933744384172,0.8196061249856861,0.9398196514685035,1.8229531912904313,87,0.21785064332133003,0.08727686571129369,0.06397381157798701,0.22013463086847831,0.26880163932370665,0.14196240919720432,1.0,0.6044999999999999,True,True,2.7900000000000063,0
M1,1835086607,143,87,0.6834119284252151,0.9462944986488669,0.010195633361089208,0.6834119284252151,0.07764059727160133,0.611,0.5110725406682369,0.8136965330240248,0.9235595433926509,1.7239117023339279,87,0.1258839285952875,0.45508214743770103,0.011837196576480604,0.0337038595615125,0.18860928535498833,0.18488358247402997,0.0,0.611,True,True,2.8200000000000065,0
M1,1835086607,144,87,0.636389476444788,0.9516406246927229,0.008794432927452193,0.636389476444788,0.06794727449186869,0.6315,0.4937955679181143,0.808851583855237,0.9312035890533858,1.7590452500696239,87,0.1354984685301685,0.08589040010928911,0.041824472272679235,0.22492743645981747,0.32718030359484657,0.18467891903319925,0.2,0.6174999999999999,True,True,2.8500000000000068,0
M1,1835086607,145,87,0.20379580657974486,0.9483693678780181,0.0019258000533356418,0.20379580657974486,0.02417834999894195,0.8380000000000001,0.5225071295192678,0.8056246766627301,0.9380832301480473,1.6436114854660306,82,0.15269590000318642,0.3003989040572905,0.059908165012742425,0.16545524182813373,0.30603276279653435,0.015509026302112707,0.2,0.8240000000000001,True,True,2.880000000000007,0
M1,1835086607,146,82,0.15602291820090294,0.9623206277900692,0.0014080946525208409,0.15602291820090294,0.0164164406635878,0.8545,0.5002309182329344,0.8077969800765393,0.9442749071332426,1.7101462213864171,79,0.2181692155868218,0.08145186451979015,0.0017192736265494507,0.28823650721010136,0.40879378352864676,0.0016293555280904436,0.8,0.6305,True,True,2.9100000000000072,0
M1,1835086607,147,79,0.5448596316324342,0.950849879351988,0.0067742391664525475,0.5448596316324342,0.06429549596494366,0.6930000000000001,0.5407481166788175,0.8117605466125554,0.9498474164199183,1.580443877779667,74,0.24191769424803822,0.31005442275534095,0.05764777561214888,0.06258727527936556,0.3174092492256206,0.010383582879485735,0.4,0.637,True,True,2.9400000000000075,0
M1,1835086607,148,74,0.14173058752965173,0.9453401519539668,0.0012929651432013062,0.14173058752965173,0.01444236008321499,0.864,0.5150893106273041,0.8077223926234411,0.9548626747779265,1.6422477234699187,70,0.1443734167689186,0.07450111954714425,0.09408291929828978,0.2672175627448503,0.3536084535832595,0.06621652805753755,0.2,0.85,True,True,2.9700000000000077,0
M1,1835086607,149,70,0.15506235009234096,0.9332569157172483,0.0014463770717265904,0.15506235009234096,0.016732831985214237,0.85,0.5310534159874182,0.8026348178763659,0.9593764073001338,1.575399684941083,67,0.12873181105121045,0.15449354259788978,0.1395982956167695,0.2227945175542601,0.3153665614218906,0.039015271757979524,0.0,0.85,True,True,3.000000000000008,0
M1,1835086607,150,67,0.18064490975184055,0.9473360747232147,0.0016841118419788099,0.18064490975184055,0.021949645284775225,0.85,0.5488935504294481,0.8018238044135322,0.9634387665701205,1.5162356381176656,69,0.17900909288730732,0.192746231264166,0.025542182299613754,0.180559904394802,0.4132119333252784,0.008930655828832583,0.0,0.85,True,True,3.0300000000000082,0
M1,1835086607,151,69,0.13884785355756546,0.9397158804354705,0.001272667944119758,0.13884785355756546,0.016025674600053743,0.864,0.5539751147897175,0.8086994633037397,0.952525353822574,1.5325701214222733,65,0.27458561388605146,0.15249136297506613,0.015602826546014857,0.3043195311640443,0.22715231954732776,0.025848345881495465,0.2,0.85,True,True,3.0600000000000085,0
M1,1835086607,152,65,0.5897198510440588,0.9625360950510933,0.007550018969942768,0.5897198510440588,0.05962276808186675,0.664,0.5314857028683874,0.8163799004882828,0.9393347310489855,1.6352356138894892,65,0.2889426293716266,0.08442592745812413,0.10254549069123121,0.30201614690375,0.2103095630433447,0.011760242531923419,0.2,0.65,True,True,3.0900000000000087,0
M1,1835086607,153,65,0.11978764106122637,0.9466058514654513,0.0010769817961103936,0.11978764106122637,0.010247993468996594,0.864,0.5063688510308705,0.817939404177676,0.9327331497653044,1.7317960162185078,63,0.21723123392259125,0.05474882431175623,0.06744617555812961,0.31338369283866935,0.23665945910608763,0.11053061426276588,0.2,0.85,True,True,3.120000000000009,0
M1,1835086607,154,63,0.09246037880455373,0.9530354250716794,0.0008123356080877668,0.09246037880455373,0.007226056173070622,0.8740000000000001,0.48473116707522457,0.8153344467243132,0.9336730090186728,1.8015239580023372,64,0.16615015944401337,0.05687823969178468,0.026185060614543565,0.25909083246538955,0.27106587114949404,0.22062983663477487,0.8,0.65,True,True,3.1500000000000092,0
M1,1835086607,155,64,0.14728329097314605,0.9388419748806957,0.001358332307091628,0.14728329097314605,0.01271782768482842,0.85,0.49646453378284794,0.8109930315586865,0.9389837525769107,1.7396857892409288,65,0.1428163396323615,0.24712910734686983,0.05680834566338416,0.2173434035151852,0.29339022230052614,0.04251258154167321,0.0,0.85,True,True,3.1800000000000095,0
M1,1835086607,156,65,0.4927615852092839,0.9326617222563363,0.005981955150909735,0.4927615852092839,0.03649353849946511,0.664,0.46928332447456356,0.8149071636529189,0.9440059289422155,1.8394936433470581,64,0.24329729590208438,0.044691363798714856,0.07268686947386459,0.2564685988361499,0.2946027581149792,0.08825311387420712,0.2,0.65,True,True,3.2100000000000097,0
M1,1835086607,157,64,0.10822103346475188,0.946830950492446,0.0009661533541433507,0.10822103346475188,0.008286023259759877,0.8740000000000001,0.47738335024607226,0.8217471163368009,0.9496053360479939,1.8127076784754066,64,0.2823163858315984,0.17533294919667008,0.05389708823599653,0.12679612292299167,0.30967927391277483,0.051978179899968426,0.8,0.65,True,True,3.24000000000001,0
M1,1835086607,158,64,0.00461531667916798,0.9299481378014095,3.960407441011517e-05,0.01,0.00522443999145309,0.976,0.49585220863224455,0.8153469706709059,0.9546448024431945,1.7224570346093762,63,0.12109012688681384,0.2968910434530122,0.008697907133265376,0.03701177909250315,0.3951618418630711,0.14114730157133445,0.6,0.85,True,True,3.2700000000000102,0
M1,1835086607,159,63,0.4548444911526702,0.9165933490504999,0.0054577678560455145,0.4548444911526702,0.03996553414675633,0.7060000000000001,0.5255151722073544,0.8145105647249797,0.9591803221988751,1.6158878003419017,59,0.18663678234523992,0.19253643778752552,0.034096809450441266,0.09099347286391547,0.3783682213003866,0.11736827625249135,0.4,0.65,True,True,3.3000000000000105,0
M1,1835086607,160,59,0.07597033137706379,0.944513827343122,0.000667473464659939,0.07597033137706379,0.005366414457588823,0.906,0.491012611771623,0.8163813208794376,0.9511197558260046,1.7480957202648988,57,0.21995355488383617,0.06293824401199549,0.08405234961303781,0.35708076509823505,0.2392873292350855,0.03668775715780993,0.4,0.85,True,True,3.3300000000000107,0
M1,1835086607,161,57,0.5873087597134957,0.9480829180674605,0.007690943264374672,0.5873087597134957,0.04711534002842697,0.664,0.5086861504172705,0.8152580123796727,0.9512634134012865,1.6847845393752565,58,0.18369696930258694,0.15299642904171362,0.09508006162730995,0.24410682552970542,0.27627816578941156,0.047841548709272486,0.2,0.65,True,True,3.360000000000011,0
M1,1835086607,162,58,0.5181735317375867,0.9410306816564314,0.0063675929564056995,0.5181735317375867,0.042600966389917935,0.664,0.5130055039814785,0.8091093654673754,0.9561370720611578,1.6495483368260702,56,0.12017817133357984,0.08616076042892586,0.00262707769865815,0.2783474257543739,0.4319089692616355,0.08077759552282664,0.2,0.65,True,True,3.3900000000000112,0
M1,1835086607,163,56,0.17277863000343002,0.935359245742267,0.0016256259899569876,0.17277863000343002,0.014007994290078868,0.85,0.5171823946267283,0.8142308728763951,0.9565488078294164,1.6458744289513167,54,0.25721219602985523,0.16798731811290574,0.04158947066170307,0.22395815733304003,0.2801272148718716,0.02912564299062438,0.0,0.85,True,True,3.4200000000000115,0
M1,1835086607,164,54,0.0948934947678288,0.9225072391180626,0.0008640555510281657,0.0948934947678288,0.007217387709940573,0.8740000000000001,0.49635238864725584,0.8143996769441988,0.9608939270464748,1.707544489477677,55,0.19850434639529396,0.07416676142678563,0.02162155464406658,0.2902432235352125,0.3377586771094435,0.0777054368891979,0.8,0.65,True,True,3.4500000000000117,0
M1,1835086607,165,55,0.531351692533681,0.9313325627997141,0.006727852996324581,0.531351692533681,0.035933969766176695,0.664,0.48032053248072776,0.8083697076478084,0.9648045343418273,1.744373750575535,53,0.1211251818852442,0.09801060122125962,0.13860544863514063,0.18710246068807077,0.3616030015247415,0.09355330604554331,0.2,0.65,True,True,3.480000000000012,0
M1,1835086607,166,53,0.1880839005162938,0.9140487411571121,0.0018338604803524417,0.1880839005162938,0.011951381881940844,0.85,0.4870460882973547,0.8042001130132628,0.9632972024436627,1.7140905914276117,48,0.14061113434805994,0.30252614284433127,0.06807985232593174,0.21093332144567922,0.27486560768009033,0.0029839413559075638,0.0,0.85,True,True,3.510000000000012,0
M1,1835086607,167,48,0.38961391230872433,0.9399950979074054,0.0042607380468539305,0.38961391230872433,0.025540212805983,0.776,0.49936793449114275,0.81069768972712,0.9601267747182698,1.690867990256052,48,0.27134477955650455,0.2418275843499362,0.039367166142960625,0.1280179991171492,0.26579646259486717,0.05364600823858222,0.6,0.65,True,True,3.5400000000000125,0
M1,1835086607,168,48,0.546378361412451,0.9086862478327946,0.00731933277667077,0.546378361412451,0.03100883453055195,0.664,0.47137415127715093,0.8108039424192405,0.9641140972464428,1.784110113617348,48,0.19551421473095582,0.08469688603625539,0.034105677108499335,0.21451848447719082,0.45097863192053966,0.02018610572655902,0.2,0.65,True,True,3.5700000000000127,0
M1,1835086607,169,48,0.2911342263031087,0.900322685923156,0.0031094087569346176,0.2911342263031087,0.011845286391122273,0.776,0.4256009165158841,0.8075919760478165,0.9657307791428404,1.964867944991259,46,0.1541028843692262,0.04036450964261404,0.30886411526945295,0.18620303690884224,0.29014045810520933,0.02032499570465513,0.6,0.65,True,True,3.600000000000013,0
M1,1835086607,170,46,0.5765010532540453,0.8859176853822852,0.008373484233750048,0.5765010532540453,0.027263119023756614,0.65,0.45952355971968345,0.8045563012531246,0.9606410348062322,1.8225838766131455,44,0.15429905009623684,0.35735947374317517,0.044800860664987084,0.14615574073980392,0.25741666788837914,0.03996820686741791,0.0,0.65,True,True,3.630000000000013,0
M1,1835086607,171,44,0.06101385008087428,0.899824370546653,0.0005589147475392502,0.06101385008087428,0.004549482052646634,0.906,0.45177607590824276,0.8136462852761147,0.9632479142755787,1.869710383190386,47,0.30397248857057957,0.10575824078708643,0.03987822447660578,0.21843452424128176,0.2933549147498484,0.03860160717459805,0.4,0.85,True,True,3.6600000000000135,0
M1,1835086607,172,47,0.4912442876589098,0.9026268168244578,0.0062549129895221435,0.4912442876589098,0.022439782958457347,0.664,0.45055923319783003,0.8158890156190677,0.9599304428469264,1.8864244960325662,46,0.22406305758448333,0.18342098137258814,0.12796693108320673,0.14629010992102567,0.26503659999452833,0.05322232004416788,0.2,0.65,True,True,3.6900000000000137,0
M1,1835086607,173,46,0.4684839124378554,0.8732682050779854,0.006120409441195436,0.4684839124378554,0.020433343201778635,0.65,0.4458683749303152,0.8195753671792507,0.9639373985622338,1.9069240559080853,44,0.24351002926420504,0.04925501016788734,0.0443627939981882,0.33050149726309314,0.30878664994473703,0.023584019361889388,0.0,0.65,True,True,3.720000000000014,0
M1,1835086607,174,44,0.10789421936182225,0.8952417644563236,0.001022265076294428,0.10789421936182225,0.005151851637726584,0.8740000000000001,0.46306858703587167,0.8153574039100423,0.9502725764078868,1.8529107541848748,44,0.14701006362192667,0.24485230547272513,0.0027959161814460564,0.29650529250605934,0.21364458850938162,0.09519183370846115,0.8,0.65,True,True,3.750000000000014,0
M1,1835086607,175,44,0.14091692064861777,0.9049903088081531,0.0013473254165364908,0.14091692064861777,0.006346501455230993,0.85,0.46661778644086244,0.8124667496474812,0.9552453187670981,1.8227595790172961,41,0.16096519916176258,0.07722755022114236,0.2754565894642652,0.10409353829729821,0.31912559649859223,0.06313152635693949,0.0,0.85,True,True,3.7800000000000145,0
M1,1835086607,176,41,0.5662272846580977,0.8865723190121791,0.008103070181860393,0.5662272846580977,0.025760891118279512,0.664,0.484979573736979,0.8125184406076819,0.9504227127538732,1.762759129265708,37,0.19593785553218318,0.14690399004307364,0.05554588363755235,0.33657273358538226,0.2535096293174249,0.011529907884383775,0.2,0.65,True,True,3.8100000000000147,0
M1,1835086607,177,37,0.190461006658757,0.8725122149753795,0.0019603428945058994,0.190461006658757,0.009615697458497852,0.85,0.5230257034004153,0.8083773593798504,0.9504907042906523,1.6260849693051243,34,0.14356051003190842,0.36194548366560914,0.0372342606237814,0.13513974244240648,0.2755513140608319,0.046568689175462544,0.0,0.85,True,True,3.840000000000015,0
M1,1835086607,178,34,0.6143839094137697,0.8835859907095331,0.009460758355532938,0.6143839094137697,0.030970103041833525,0.664,0.5176410278049033,0.8092655238720081,0.9514651132019231,1.64312074696869,35,0.20383790576437727,0.13202016138175465,0.18508042180201406,0.17918705629775408,0.28011739670168007,0.01975705805241989,0.2,0.65,True,True,3.870000000000015,0
M1,1835086607,179,35,0.13137118934035186,0.9010451033768527,0.0012544153093807654,0.13137118934035186,0.005860971622348097,0.864,0.4932964559683089,0.8098926609791602,0.9376035965144018,1.7510566784853272,36,0.20113016625940644,0.04862183059041118,0.1314805515900129,0.3390512839403285,0.20642497316335542,0.07329119445648548,0.2,0.85,True,True,3.9000000000000155,0
M1,1835086607,180,36,0.2772990279589397,0.8947860339782059,0.002952603514499468,0.2772990279589397,0.009575262531791017,0.776,0.449547117192325,0.8046672269773338,0.9438432368629617,1.8964492630114462,36,0.1283649880891447,0.057835756815093925,0.042536544295238086,0.1354305132333216,0.42524093615043945,0.21059126141676227,0.6,0.65,True,True,3.9300000000000157,0
M1,1835086607,181,36,0.43765629696998337,0.8752017205865169,0.0055185119961040155,0.43765629696998337,0.013752134883877748,0.7060000000000001,0.4487336554824236,0.8016128708562713,0.9494589131766655,1.8814811108140004,33,0.15223756534755217,0.1813312812624151,0.07506520879368749,0.11299464957419464,0.41223263421986933,0.06613866080228124,0.4,0.65,True,True,3.960000000000016,0
M1,1835086607,182,33,0.5478793097551011,0.8942206738123899,0.007550351553447867,0.5478793097551011,0.01309569759887984,0.664,0.4145046635405856,0.8115322273134578,0.954513021858999,2.0511361665889747,32,0.31686329846747174,0.07441166223747916,0.0038186915382763765,0.14740290204135237,0.34582546202972925,0.11167798368569118,0.2,0.65,True,True,3.990000000000016,0
M1,1835086607,183,32,0.10804483180003698,0.8324645921314405,0.0011066071163666447,0.10804483180003698,0.0040223027912594704,0.864,0.4355946529557003,0.8056467764090754,0.9509807470419851,1.9448692468204662,31,0.12113950576613208,0.18052780146414782,0.14370851514551836,0.23878655610577282,0.25959513684443,0.0562424846739989,0.2,0.85,True,True,4.0200000000000164,0
M1,1835086607,184,31,0.44231313061076694,0.8548667511768661,0.005799546835811364,0.44231313061076694,0.013562785673050103,0.7060000000000001,0.46407113041387316,0.808028286689963,0.9558826723377866,1.8215345925825102,30,0.22079811376676545,0.10120194826372014,0.08086345803401727,0.04256507568109687,0.44880971163300487,0.10576169262139534,0.4,0.65,True,True,4.050000000000017,0
M1,1835086607,185,30,0.3160064432723938,0.8582890819888588,0.0036548973106509623,0.3160064432723938,0.009882014919577194,0.776,0.46052123301237763,0.810831222641088,0.9507786389422064,1.8518311663498541,32,0.2275543785702892,0.13168120485673218,0.1642286631519839,0.15778765732594238,0.2524211691909924,0.06632692690406003,0.6,0.65,True,True,4.080000000000017,0
M1,1835086607,186,32,0.5049939020453116,0.9067872268970021,0.006479262173843427,0.5049939020453116,0.013015723468946016,0.7060000000000001,0.44483890149159,0.8094755364901651,0.9557007750479858,1.9040529890724716,28,0.17732343726414482,0.06355489858718112,0.09754774208177863,0.25877048972712385,0.339822548439301,0.06298088390047056,0.4,0.65,True,True,4.110000000000017,0
M1,1835086607,187,28,0.511738520760149,0.8719426636362473,0.007037126048638709,0.511738520760149,0.01449423528895304,0.664,0.46670759427299596,0.8046940402134365,0.9601306975431873,1.7957900534648499,27,0.1336535068472458,0.22436042918879634,0.1145123103105293,0.09511370484306339,0.3043661239362966,0.12799392487406858,0.2,0.65,True,True,4.140000000000017,0
M1,1835086607,188,27,0.14420965415798714,0.8436781917070602,0.0014921185836243621,0.14420965415798714,0.0050682677428766105,0.85,0.48784258809082726,0.8008123160136728,0.9641176277888686,1.7026328535331718,28,0.14191222263635062,0.12237014210392005,0.00987932637290612,0.3784841309637397,0.3354017356794311,0.0119524422436525,0.0,0.85,True,True,4.170000000000018,0
M1,1835086607,189,28,0.5495047297935343,0.8526759289369764,0.008231369424167561,0.5495047297935343,0.02188199370965628,0.65,0.5227597309883177,0.8107717002129892,0.9622594556181934,1.6117744542843064,28,0.3205285767191511,0.2553743990221897,0.012927768539059574,0.0744957732701024,0.2727679530410585,0.06390552940843869,0.0,0.65,True,True,4.200000000000018,0
M1,1835086607,190,28,0.4354114159653746,0.8875820915387667,0.005368603354130476,0.4354114159653746,0.012560201105569645,0.7060000000000001,0.5024748462485756,0.814924420534108,0.9619189717941323,1.6860269646236514,22,0.24614131664710262,0.047930877805500774,0.05158579528904733,0.2967940823433349,0.2794273086887917,0.0781206192262226,0.4,0.65,True,True,4.230000000000018,0
M1,1835086607,191,22,0.0483601476672591,0.8502828387620305,0.0004661168170149321,0.0483601476672591,0.005157633550564639,0.906,0.4876191462096142,0.8100766629958909,0.9657270746147191,1.720247613752573,21,0.13623079360610443,0.06996182166039497,0.010694530477358211,0.32102726336831516,0.43540882283989185,0.02667676804793538,0.4,0.85,True,True,4.260000000000018,0
M1,1835086607,192,21,0.09640840993392916,0.8745937483896353,0.0009296951331526579,0.09640840993392916,0.004948895108791194,0.864,0.47090587384450705,0.8120701697752284,0.9657972504897644,1.78555604048882,21,0.21871674911415148,0.06418106659550615,0.09905560514341535,0.3216092054642039,0.28321441668258635,0.01322295700013679,0.2,0.85,True,True,4.290000000000019,0
M1,1835086607,193,21,0.003121217269589425,0.8759599312426282,2.8413962832456817e-05,0.01,0.005685036725983634,0.976,0.5270688403436676,0.8068416173082235,0.9527867398926269,1.606664673938856,20,0.12968695027195642,0.36779194588621605,0.09003093101426123,0.12349636573047836,0.21784607225919464,0.07114773483789336,0.6,0.85,True,True,4.320000000000019,0
M1,1835086607,194,20,0.00411663073273862,0.831302382886363,3.951641965133918e-05,0.01,0.0051988400961605445,0.976,0.49334363954800037,0.8116324518322915,0.955534031277454,1.7217247035592556,17,0.25166144236848964,0.07571660243333006,0.02847422610341961,0.25574580177618966,0.2901298268704488,0.09827210044812223,0.6,0.85,True,True,4.350000000000019,0
M1,1835086607,195,17,0.0,1.0,0.0,0.01,0.004745400026384177,1.0,0.46160366093010285,0.8083148782528199,0.9570129018418361,1.8297574980886802,16,0.15330061265178702,0.043512251731171264,0.11762282437876224,0.37956111132527154,0.28516136846063783,0.02084183145237015,1.0,0.65,True,True,4.380000000000019,0
M1,1835086607,196,16,0.19466888051970213,0.7719750933944282,0.0023130343118511034,0.19466888051970213,0.0044309554533440805,0.776,0.43752445874152607,0.8066033737213881,0.9613116116576524,1.917756704757188,14,0.17130299226511478,0.07131279096168197,0.10041433150999579,0.3016455159831939,0.3192867509690892,0.036037618310924335,0.6,0.65,True,True,4.41000000000002,0
M1,1835086607,197,14,0.17953088208638854,0.7904805433651876,0.002050726055411232,0.17953088208638854,0.0044953415880053535,0.776,0.4406456745348221,0.8014914562916905,0.9651804504918872,1.8845205129309621,12,0.1277281407046476,0.15057536820058534,0.19463824986913503,0.14819469550189276,0.30005268098686777,0.0788108647368714,0.6,0.65,True,True,4.44000000000002,0
M1,1835086607,198,12,0.06463392889350386,0.7295801959560211,0.0007384009020377553,0.06463392889350386,0.0044514210866500505,0.8740000000000001,0.44272634660675964,0.7973207623778664,0.9517890065961444,1.8921563584242518,12,0.13629848625950533,0.13916720716089082,0.06788488380273115,0.27667398670719673,0.2156330057672299,0.16434243030244605,0.8,0.65,True,True,4.47000000000002,0
M1,1835086607,199,12,0.4334188354975706,0.7415814395406192,0.006990198801495898,0.4334188354975706,0.007951375974845546,0.664,0.4327507307581818,0.7981224857159359,0.95661010593653,1.9279544631458077,11,0.1958470182120357,0.2069890873475309,0.008746265808628802,0.13825216717485303,0.42577501757501757,0.02439044388193411,0.2,0.65,True,True,4.50000000000002,0
M1,1835086607,200,11,0.20233955518153254,0.6939329044387323,0.002744024327939341,0.20233955518153254,0.004838665501415546,0.776,0.4701617930906855,0.7976608987039161,0.960949095342877,1.765511648136851,8,0.18055671592221217,0.09420473773923108,0.16096095808148864,0.07536246152710359,0.31807635381916016,0.17083877291080435,0.6,0.65,True,True,4.530000000000021,0
M1,1835086607,201,8,0.04940476675186515,0.6121014556846789,0.0006698984482602574,0.04940476675186515,0.0046213992208488305,0.864,0.45347211735604476,0.7985941831894876,0.9605294762322102,1.8334322107005867,8,0.19770411775959146,0.116271508886165,0.05287864081355588,0.28469371599847554,0.2783764521181047,0.07007556442410753,0.2,0.85,True,True,4.560000000000021,0
M1,1835086607,202,8,0.048578027773176755,0.6151451180934232,0.0006548172704527154,0.048578027773176755,0.004439785393042514,0.906,0.4394213026371251,0.7988269178128735,0.9644765286089891,1.8848635689065099,8,0.18953054728575403,0.12385246933558394,0.044492855097896876,0.22705747928407455,0.3367480577272033,0.07831859126948731,0.4,0.85,True,True,4.590000000000021,0
M1,1835086607,203,8,0.05030725268337935,0.5837050026807541,0.000717428258392564,0.05030725268337935,0.0030501073738788136,0.8740000000000001,0.37108816298678254,0.8031290657274309,0.9528142193289357,2.2714334258134357,7,0.2405436725650132,0.10958425986766965,0.053209195498831546,0.33873442823930866,0.2239267179042276,0.0340017259249494,0.8,0.65,True,True,4.620000000000021,0
M1,1835086607,204,7,0.1913366036525717,0.5300820307466181,0.0035643854301915185,0.1913366036525717,0.002544344866544464,0.65,0.3444796629848438,0.8108318770088464,0.9575327973960421,2.4581793624686608,7,0.28574080709733807,0.10379181547215138,0.03990264903637587,0.17476340967059606,0.3333749463453229,0.062426372378215765,0.0,0.65,True,True,4.650000000000022,0
M1,1835086607,205,7,0.2253337930513935,0.46571994076976336,0.005264299177158132,0.2253337930513935,0.0022498778614350435,0.65,0.3320473168075129,0.8070172096637642,0.9617795176564379,2.5270119579501116,6,0.1465865813170022,0.2133225367316822,0.08917979464764406,0.002837760517096794,0.5452456817157781,0.0028276450707968442,0.0,0.65,True,True,4.680000000000022,0
M1,1835086607,206,6,0.1550743055058335,0.5281088319123328,0.002767172039227378,0.1550743055058335,0.0020506992190483762,0.65,0.3288123337769329,0.804857376570926,0.950767539745215,2.5745212636796313,6,0.16488784237937595,0.3042888559176409,0.08758019084227124,0.07386060139413346,0.2258298692721047,0.14355264019447367,0.0,0.65,True,True,4.710000000000022,0
M1,1835086607,207,6,0.11776363195966387,0.4753263206251358,0.0022661605839674553,0.11776363195966387,0.0018798835970656282,0.7060000000000001,0.31516414500954054,0.8057252341559745,0.9556907857706936,2.6750552907191576,6,0.20138408016993528,0.13858016229015474,0.04418431252396429,0.20112668816798124,0.38460387142409125,0.030120885423873162,0.4,0.65,True,True,4.740000000000022,0
M1,1835086607,208,6,0.21672216268983988,0.4262995687322317,0.0056520445565956725,0.21672216268983988,0.0019202998064256581,0.664,0.3140980169895575,0.801466866733751,0.9601217071936242,2.6576273820849363,6,0.13784867856969008,0.17504488722363487,0.025761630280238056,0.1938060599938987,0.46752963915779006,9.104774748370917e-06,0.2,0.65,True,True,4.770000000000023,0
M1,1835086607,209,6,0.1620819056693272,0.4552975928136382,0.003502773547844883,0.1620819056693272,0.0017867441960819955,0.664,0.3022955813895653,0.799803877265649,0.9641095364742618,2.7442604538294844,6,0.16762942335732073,0.13876015796998975,0.038837567903419856,0.2244933306240522,0.3649834320541272,0.06529608809109021,0.2,0.65,True,True,4.800000000000023,0
M1,1835086607,210,6,0.20283931203581348,0.4543384355551963,0.004707611172988697,0.20283931203581348,0.00232393349044033,0.65,0.3362907321542233,0.802611216086706,0.9674973206702304,2.46683757361674,7,0.22246915855424249,0.21472866426830167,0.009798012873033213,0.1057053375587062,0.298993689216974,0.14830513752874241,0.0,0.65,True,True,4.830000000000023,0
M1,1835086607,211,7,0.1307028262677226,0.5209620181000267,0.002299395210979239,0.1307028262677226,0.0023910131766745617,0.664,0.3411443581666857,0.8069239302271719,0.9707475886032074,2.4366215529533894,6,0.2430409368100139,0.045627023048179734,0.16949499887315067,0.13863019392695125,0.36493499281743863,0.03827185452426588,0.2,0.65,True,True,4.860000000000023,0
M1,1835086607,212,6,0.1023583366267983,0.4458990826054754,0.0020758835113818745,0.1023583366267983,0.002009249508995114,0.7060000000000001,0.3169889675516149,0.804491684625195,0.970550789158392,2.6149244457651255,6,0.16142438636727233,0.0703477376612372,0.19633112051050225,0.19906423397144707,0.2843897970775267,0.0884427244120145,0.4,0.65,True,True,4.890000000000024,0
M1,1835086607,213,6,0.1751017991802454,0.4150766967841123,0.004361555841212715,0.1751017991802454,0.002025958912518732,0.664,0.31945475032404064,0.8016651237311758,0.9734957102425528,2.5778022444218816,6,0.1549752917155071,0.15562223783049722,0.050589023062750905,0.07516055497847693,0.5624760536855592,0.001176838727208683,0.2,0.65,True,True,4.920000000000024,0
M1,1835086607,214,6,0.17816900850532752,0.3820865554726515,0.004998381319016573,0.17816900850532752,0.005025671396662353,0.65,0.48844739753809097,0.7962125610997326,0.9761461392182975,1.6699227596326518,4,0.12038366943894499,0.27210600433583226,0.06890673540501087,0.18137145708522773,0.3019077115008066,0.05532442223417766,0.0,0.65,True,True,4.950000000000024,0
M1,1835086607,215,4,0.14172666654497743,0.41580653550713986,0.0033177635211339264,0.14172666654497743,0.004936871914959786,0.776,0.4890653327408326,0.7959406650710115,0.9580541083655721,1.6987277328202621,5,0.18173415032831802,0.09599388836377035,0.11518010441825273,0.3241394670649278,0.19761291534552192,0.08533947447920914,0.6,0.65,True,True,4.980000000000024,0
M1,1835086607,216,5,0.28631584077574923,0.5049156015300064,0.006663767277713841,0.28631584077574923,0.006826077925880178,0.65,0.4885114443834874,0.8002229135696486,0.9468210211114874,1.7300886177361021,5,0.23849102190234556,0.14801273258886435,0.024982861325408466,0.28373855684290006,0.222861617912362,0.08191320942811946,0.0,0.65,True,True,5.010000000000025,0
M1,1835086607,217,5,0.21176458074870072,0.41159663990763307,0.005751683758372112,0.21176458074870072,0.005998006703288533,0.776,0.5241267778434111,0.8102117678911661,0.9458865113626317,1.6342675818362,5,0.3958309578315404,0.06720473138350169,0.0659946507672573,0.1671886953772819,0.26873796181146553,0.03504300282895323,0.6,0.65,True,True,5.040000000000025,0
M1,1835086607,218,5,0.34817134764070945,0.41635851709126676,0.014402086380787998,0.34817134764070945,0.010371785019725556,0.65,0.5310957991862176,0.8064238318605476,0.9512978602263685,1.596150975316829,6,0.14653315454924754,0.12920598508383918,0.1329590776870117,0.17779802913744652,0.30635809287402127,0.10714566066843377,0.0,0.65,True,True,5.070000000000025,0
M1,1835086607,219,6,0.0,1.0,0.0,0.01,0.005622249121382425,1.0,0.5303566815858883,0.8120547077108652,0.9524318894217568,1.6076196863335488,6,0.2619008430418131,0.1373490605548697,0.03028302919623182,0.2048824315123018,0.28131907609012574,0.08426555960465779,0.8,0.85,True,True,5.100000000000025,0
M1,1835086607,220,6,0.20748950945987893,0.5077704280037548,0.004181514947225392,0.20748950945987893,0.006543229604447973,0.65,0.5412249569711378,0.8084057359869424,0.9571887004795812,1.5604649151546464,7,0.14942204577025656,0.20202619405011546,0.06688666427701821,0.1425302337695008,0.32100085476239826,0.11813400737071082,0.0,0.65,True,True,5.130000000000026,0
M1,1835086607,221,7,0.0,1.0,0.0,0.01,0.005299091776110867,1.0,0.5178981509605837,0.814221639074391,0.9480920699293708,1.6582414459326429,7,0.2654523735849464,0.09574772557325029,0.1309727422551674,0.20093148779017367,0.23311119748873857,0.07378447330772363,1.0,0.65,True,True,5.160000000000026,0
M1,1835086607,222,7,0.09805602192157811,0.5396232550372324,0.0015963208249829596,0.09805602192157811,0.00569472694856696,0.864,0.5279003015254304,0.8113099221336284,0.9532828629364337,1.6121783750347234,7,0.1599920626619617,0.19065540421341315,0.01565716737091627,0.28043837885988715,0.35282056403010875,0.0004364228637130434,0.2,0.85,True,True,5.190000000000026,0
M1,1835086607,223,7,0.06681784066241787,0.48646274557444463,0.0011761124848520704,0.06681784066241787,0.005050295727394635,0.8740000000000001,0.4819896265205548,0.8125982892267098,0.9579545766427904,1.7599214952422861,6,0.21067328999703586,0.0630933998749356,0.016622354192492746,0.2999458635103723,0.3039312157706332,0.10573387665453052,0.8,0.65,True,True,5.220000000000026,0
M1,1835086607,224,6,0.1607751310603956,0.5701766706180343,0.0026367734617593957,0.1607751310603956,0.004513220160878337,0.776,0.4601970325109038,0.8127518441757675,0.9537703324834079,1.8516987797375635,7,0.1972933676299149,0.07477137907443313,0.039849013702144595,0.13814388659618032,0.25805606752448274,0.2918862854728443,0.6,0.65,True,True,5.250000000000027,0
M1,1835086607,225,7,0.03444436946971855,0.5872597676419742,0.0004811318409507519,0.03444436946971855,0.004315047391249355,0.864,0.4538999828737274,0.812627431752837,0.9406726978426692,1.9032365663602198,7,0.19391474732322334,0.12983355990964046,0.01699085735808353,0.3824166825496956,0.2113969930380099,0.0654471598213471,0.2,0.85,True,True,5.280000000000027,0
M1,1835086607,226,7,0.21961342584879454,0.5302396346472603,0.004256560595467362,0.21961342584879454,0.005017324531049706,0.7060000000000001,0.4773681785463755,0.8091530379878401,0.9466054280584022,1.790639717026642,8,0.15196222278306226,0.22295270814982893,0.025444578323093967,0.16003279170615417,0.4224731120119676,0.017134587025893183,0.4,0.65,True,True,5.310000000000027,0
M1,1835086607,227,8,0.06482765047956149,0.6489395877159448,0.0008377739261038636,0.06482765047956149,0.004718353300800817,0.864,0.46792129665088467,0.8045391689942099,0.9504090101390976,1.809105257986284,8,0.13554728632202223,0.1263169478678789,0.20202220736792884,0.22072272781731972,0.292320624432678,0.023070206192172288,0.2,0.85,True,True,5.340000000000027,0
M1,1835086607,228,8,0.26763217679663687,0.6433198306627319,0.004281596282482258,0.26763217679663687,0.006131645739673891,0.7060000000000001,0.4752493086336982,0.8046685030568335,0.9490186469305021,1.7841064471643888,8,0.19195365640417666,0.23362018883938318,0.03901630369937703,0.19178819933723482,0.2682526890265713,0.07536896269325694,0.4,0.65,True,True,5.370000000000028,0
M1,1835086607,229,8,0.09278531665496059,0.6293362610044589,0.0012696653557333487,0.09278531665496059,0.00536600166081496,0.85,0.4952269013403188,0.7999045095486919,0.9541167822374519,1.6929041992598306,9,0.1308678955587508,0.217292756907085,0.02525794238274083,0.2629376715476842,0.3296035045034728,0.03404022910026644,0.0,0.85,True,True,5.400000000000028,0
M1,1835086607,230,9,0.05946825575718546,0.662569631930721,0.0007485682750851499,0.05946825575718546,0.004576706413760294,0.864,0.4504131796838789,0.8050950228791912,0.9587051040137067,1.8644511639949095,9,0.252321735099175,0.03949908986771894,0.058433537580657,0.21033455475083676,0.34668923041285793,0.09272185228875439,0.2,0.85,True,True,5.430000000000028,0
M1,1835086607,231,9,0.07859767635688862,0.6448084870186109,0.0010347053699669554,0.07859767635688862,0.005548804703659086,0.864,0.5075538799588576,0.804378983106643,0.955411145615592,1.6587779716851487,7,0.1817338921426417,0.09240099035893076,0.21068455493940777,0.17246044211332884,0.26288276001627997,0.07983736042941102,0.2,0.85,True,True,5.460000000000028,0
M1,1835086607,232,7,0.06840983474763992,0.5608621090459487,0.0010354268866604702,0.06840983474763992,0.005315951032597006,0.864,0.486058094881804,0.8046207803485275,0.9598700310540328,1.7246089352288259,7,0.19325932996520673,0.10015759061328139,0.038094691030415594,0.2738096835844845,0.3694907620237261,0.025187942782885595,0.2,0.85,True,True,5.490000000000029,0
M1,1835086607,233,7,0.25155434264361665,0.5895123959321965,0.004428778454798633,0.25155434264361665,0.005621616068882589,0.664,0.46023928094060157,0.8077063490336227,0.9638830279486295,1.820729718368529,7,0.2289575962815198,0.09323461381297093,0.06530434234695869,0.20024442044955093,0.41183978922467174,0.00041923788432804697,0.2,0.65,True,True,5.520000000000029,0
M1,1835086607,234,7,0.2112830999564531,0.6711483705732929,0.0030093594729886904,0.2112830999564531,0.004247123374142552,0.7060000000000001,0.42667246270013964,0.8102423663602547,0.965305917061666,1.967231025927215,6,0.22401668472891453,0.10630302165765056,0.08769399859352672,0.2402332820673425,0.2890559595394974,0.05269705341306833,0.4,0.65,True,True,5.550000000000029,0
M1,1835086607,235,6,0.14909341497952683,0.4937108910280314,0.0028617668968458315,0.14909341497952683,0.004213668620337716,0.664,0.4320491642815491,0.8070397526899331,0.9658757730687499,1.9339288189612336,6,0.15386880809613912,0.3508362428952323,0.07846796159235027,0.06577011006094285,0.2855022385662526,0.06555463878908294,0.2,0.65,True,True,5.580000000000029,0
M1,1835086607,236,6,0.2194108491172816,0.5163447576859637,0.0044040316238059376,0.2194108491172816,0.004235764713056876,0.65,0.4352545390595795,0.8107658995341346,0.9690474805675863,1.9222377792943155,6,0.23847668098372607,0.2532256759469832,0.019302135295480628,0.143376002069819,0.29879642402855655,0.04682308167543459,0.0,0.65,True,True,5.61000000000003,0
M1,1835086607,237,6,0.1869613448468213,0.5523609889493485,0.0032891835989994735,0.1869613448468213,0.004600820183616747,0.664,0.4592527636330817,0.8105932923714843,0.9715772336056303,1.8166610194959416,5,0.19207109767570507,0.20217048095774043,0.002629511874851283,0.0985987957718478,0.29717250547401336,0.2073576082458421,0.2,0.65,True,True,5.64000000000003,0
M1,1835086607,238,5,0.03093288729458073,0.4643191184262216,0.0005487894738486333,0.03093288729458073,0.0038560886358080114,0.8740000000000001,0.4183490299844735,0.8103114432429297,0.9744195102450672,1.9877750480456884,5,0.19059769362524626,0.07853388823206625,0.19724685213546225,0.1534596276057679,0.306056649115101,0.07410528928635624,0.8,0.65,True,True,5.67000000000003,0
M1,1835086607,239,5,0.032426164647232816,0.44179497269370993,0.0006067919849709294,0.032426164647232816,0.003396947132193097,0.864,0.3937188544624214,0.8101508219534534,0.9688443833304112,2.1238587900643573,5,0.19193688590837815,0.11452046766239135,0.17900018824354771,0.2352636738273092,0.2593341205492533,0.019944663809120293,0.2,0.85,True,True,5.70000000000003,0
M1,1835086607,240,5,0.2561517830316616,0.395599616484392,0.008300066114693668,0.2561517830316616,0.003742748937667208,0.664,0.41367591923641,0.80690863158737,0.958970787166896,2.0340365049772466,4,0.15331688414486616,0.4124034458493252,0.02828275114990714,0.05351784740704767,0.23505421084762967,0.11742486060122424,0.2,0.65,True,True,5.730000000000031,0
M1,1835086607,241,4,0.01110276022477946,0.2837314921403618,0.0003177457154584867,0.01110276022477946,0.0028565965362002004,0.906,0.3710858650687288,0.8083774160825814,0.9603077411517995,2.2684506211495434,4,0.21017770093224808,0.07689572048399763,0.0561803721343822,0.23977918678997193,0.2861701635079653,0.13079685615143474,0.4,0.85,True,True,5.760000000000031,0
M1,1835086607,242,4,0.0,1.0,0.0,0.01,0.0023311124269853713,1.0,0.3347716810378756,0.8069682350589397,0.9642769670366196,2.4998038551181794,4,0.17512112225609172,0.0920537832690557,0.026290380009963542,0.29274997978217937,0.3329530162247887,0.08083171845792099,1.0,0.65,True,True,5.790000000000031,0
M1,1835086607,243,4,0.04057903568721478,0.13526550174821853,0.002839107606552008,0.04057903568721478,0.0013840762022818466,0.65,0.27769068477826414,0.8054496159369626,0.9635736725738846,3.0101777543351953,4,0.17287240788712366,0.050872924459142745,0.14014937030438918,0.1575755552050588,0.27862201120463503,0.19990773093965075,0.0,0.65,True,True,5.820000000000031,0
M1,1835086607,244,4,0.0039586538510418285,0.033236057144945326,0.0010094914968112813,0.01,0.0007681290393679736,0.85,0.22971381379395073,0.8015915304062594,0.9672163053164962,3.6077995359537622,4,0.14267994082681162,0.07192318544934709,0.17963198446807896,0.22140639885648117,0.31794191526905496,0.0664165751302262,0.0,0.85,True,True,5.850000000000032,0
M1,1835086607,245,4,0.0,1.0,0.0,0.01,0.0010057790437519142,1.0,0.24659811600911175,0.7979904099007745,0.9704946747848465,3.3343774568962488,3,0.14348070018535095,0.050534037094623716,0.06460178224689019,0.1786581734201226,0.4183958600525002,0.14432944700051223,1.0,0.65,True,True,5.880000000000032,0
M1,1835086607,246,3,0.0005857576183971104,0.01483716360297212,0.0003206280003773697,0.01,0.002704764539844441,0.85,0.34485180282781536,0.7943598038785595,0.9734452073063619,2.366318766157832,2,0.1408614309102969,0.11136381002947449,0.001165242829479987,0.2949659498983423,0.310595389683194,0.14104817664921232,0.0,0.85,True,True,5.910000000000032,0
M1,1835086607,247,2,6.774406835366304e-06,8.977582719481585e-05,0.0006245318308217336,0.01,0.0018627322349649208,0.864,0.29531800778875694,0.7972176077882861,0.9761006865757257,2.7656188965709707,2,0.21969742629568212,0.05785996395594195,0.054018036269848385,0.2986671630362151,0.3341347147595934,0.035622695682718974,0.2,0.85,True,True,5.940000000000032,0
M1,1835086607,248,2,5.0321021255641735e-06,0.003802133281171823,1.0542092431767286e-05,0.01,0.0019501411382298,0.976,0.30061027633301257,0.7987920251809518,0.9780191797741284,2.7169555031354102,2,0.20544122227600084,0.2153780907092671,0.013933632579323653,0.1780115327994567,0.2976428092798764,0.08959271235607531,0.6,0.85,True,True,5.970000000000033,0
M1,1835086607,249,2,6.83651435088863e-06,5.7777860834564655e-05,0.0010024183691499506,0.01,0.001871914704135626,0.8740000000000001,0.294619285866353,0.7943927347316563,0.9802172617967156,2.75075394739659,2,0.131753885121901,0.12295420638891838,0.00859657603252969,0.18656513068021013,0.5258108202718674,0.024319381504573353,0.8,0.65,True,True,6.000000000000033,0
M1,1835086607,250,2,6.1372961207206065e-06,0.00045795848657135207,0.0001073976031071405,0.01,0.006575326437050523,0.906,0.5974294757873929,0.7897471145571351,0.9821955356170441,1.3458710335753965,1,0.12592520702577084,0.18257533789057503,2.254228492542576e-07,0.23613219040602934,0.41865817820807705,0.036708861046698515,0.4,0.85,True,True,6.030000000000033,0
M1,1835086607,251,1,0.0,null,null,0.01,0.0064165945957414304,0.976,0.5309500174643281,0.8002597588292784,0.980487736050407,1.5372169820449206,1,0.3449804879177308,0.013584461826948422,0.12194645049744901,0.20849097562725735,0.2825587699753365,0.02843885415527793,0.6,0.85,True,True,6.060000000000033,1
M1,1835086607,252,1,0.0,null,null,0.01,0.005599914621978631,0.8740000000000001,0.49931696582360596,0.802608106991092,0.9605608153216727,1.6734099737074213,1,0.21701670129096895,0.08826447574849555,0.04237612574280305,0.3713330061388794,0.19060926438153217,0.09040042669732093,0.8,0.65,True,True,6.090000000000034,3
M1,1835086607,253,1,0.0,null,null,0.01,0.005345776056301509,0.85,0.4846062108943891,0.8020930247524415,0.9645047337895054,1.7160557791828708,1,0.18269153888630166,0.12560259389746486,0.05381185795813368,0.18248084233749712,0.37404608618459156,0.08136708073601107,0.0,0.85,True,True,6.120000000000034,3
M1,1835086607,254,1,0.0,null,null,0.01,0.005578498612953272,0.864,0.4887239590339165,0.8000346359745153,0.9680542604105549,1.6910072066933548,1,0.16307828074619857,0.17647901162728738,0.05757658712717334,0.2779989357085592,0.31285373135242167,0.012013453438359913,0.2,0.85,True,True,6.150000000000034,3
M1,1835086607,255,1,0.0,null,null,0.01,0.005153271402805052,0.664,0.465294938689082,0.7996320207256344,0.9712488343694994,1.769421653789705,1,0.18248895687306127,0.11160620761492804,0.004166620847729403,0.1999988707897612,0.4841301203898126,0.017609223484707476,0.2,0.65,True,True,6.180000000000034,3
M1,1835086607,256,1,0.0,null,null,0.01,0.004651076188962665,0.85,0.44308164422317786,0.8081707780486189,0.9741239509325494,1.8724281553610311,1,0.29400447949082764,0.11622230319603308,0.06282911880038507,0.16163993584368536,0.3069881284559388,0.05831603421313013,0.0,0.85,True,True,6.210000000000035,3
M1,1835086607,257,1,0.0,null,null,0.01,0.004606401055071408,0.864,0.44409075935512027,0.8097714800679703,0.9767115558392945,1.8669144383030893,1,0.21261551152227945,0.16742626099520072,0.062024893440876305,0.13151071975167292,0.34009649188137875,0.08632612240859198,0.2,0.85,True,True,6.240000000000035,3
M1,1835086607,258,1,0.0,null,null,0.01,8.437132482360174e-05,0.8740000000000001,0.0,0.8058163185096465,0.979040400255365,80.58163185096465,0,0.14416765556343414,0.1327270654617504,0.18756681643025347,0.21448344563069313,0.30803021282822546,0.013024804085643427,0.8,0.65,True,True,6.270000000000035,3
