arm,seed,step,novelty_vector_count,h_n_latest,h_n_shape_latest,V,H_N,total_suppression,avg_wb,theta_capability,transfer_state,g,population,x_compute,x_bio_welfare,x_novelty_agency,x_institutional_capacity,x_transfer_comprehension,x_resilience,c_protective,c_suppressive,adapter_active,action_modified,adapter_score,shape_fallback_increase
R05,1835086220,0,200,0.9811921101314179,0.9829011826769771,0.0505827560014537,0.9811921101314179,0.326,0.6661817786790577,0.525,0.5412371206131351,1.4560590189058507,206,0.378232883803467,0.20125894709615963,0.006429147522509607,0.1375774276414671,0.2561856030656757,0.020315990870721133,0.6,0.2,False,False,0.0,2
R05,1835086220,1,206,0.9857951412917804,0.9881764712020719,0.047984941295582006,0.9857951412917804,0.35,0.6785998422104317,0.5286170295073677,0.5871134085518216,1.3267997977084702,203,0.06083786884209524,0.179529611687004,0.07682235020553922,0.2212602108302439,0.3481380791551503,0.11341187927996746,1.0,0.0,False,False,0.0,0
R05,1835086220,2,203,0.9911378117642086,0.9911380451621955,0.1214836337269523,0.9911378117642086,0.0,0.696460676785713,0.540311714888502,0.6263433028366209,1.238612176843448,200,0.16406921070628494,0.20762695016951557,0.11472815805158637,0.19785787620460632,0.28970617569990725,0.02601162916809941,0.0,0.0,False,False,0.0,0
R05,1835086220,3,200,0.9858768370861851,0.9860827631743466,0.06745350226217631,0.9858768370861851,0.256,0.7085781807122111,0.5458438954172208,0.6637089725529588,1.1606545916669426,206,0.09434707841429756,0.16638575028759744,0.05631394894275321,0.17533247766417023,0.31753124272189065,0.19008950196929103,0.4,0.2,False,False,0.0,0
R05,1835086220,4,206,0.985541589916744,0.9859107860104582,0.06280493761892082,0.985541589916744,0.256,0.715922079316386,0.5597842217392242,0.6645690303208598,1.1765619464991326,213,0.2029065136608046,0.15601010150167657,0.14069862975988082,0.2643921965251568,0.1361547751159845,0.0998377834364967,0.4,0.2,False,False,0.0,0
R05,1835086220,5,213,0.989992933625057,0.9901296061259549,0.0707491747696796,0.989992933625057,0.21400000000000002,0.7274759221415579,0.5688335735624928,0.6903281255484299,1.132689904449463,219,0.15048203637787236,0.3379447293786644,0.11320398597442376,0.1238371646884802,0.26107999129828074,0.01345209228227861,0.2,0.2,False,False,0.0,0
R05,1835086220,6,219,0.9867200348663338,0.9867200949850453,0.13224530918193966,0.9867200348663338,0.0,0.7424342315583358,0.5849996170493186,0.697722340205585,1.1293146582984899,221,0.24509652706188123,0.1732606328032249,0.018027288557874797,0.27390005395550376,0.18213513605999032,0.10758036156152508,0.0,0.0,False,False,0.0,0
R05,1835086220,7,221,0.9847090226139715,0.9853270256149139,0.058699467904342495,0.9847090226139715,0.35,0.7536435833508127,0.5865019011938448,0.7159557498112393,1.0869691973446287,220,0.0719033124624021,0.16772814904061553,0.11951777391803536,0.3320846743729914,0.24002821813106442,0.06873787207489118,1.0,0.0,False,False,0.0,0
R05,1835086220,8,220,0.980900443292931,0.981473548575269,0.05926865582165836,0.980900443292931,0.35,0.7667921795411049,0.5856243576147153,0.7443601748301154,1.0260259092509258,221,0.043094393507034374,0.2320323625303897,1.6255635970961308e-05,0.2603173593642093,0.46263004552391346,0.0019095834384821328,1.0,0.0,False,False,0.0,0
R05,1835086220,9,221,0.9881473226244294,0.9881473333681365,0.1459640711755829,0.9881473226244294,0.0,0.7760039979529035,0.5852404181629978,0.7653082551072208,0.9854485510568243,224,0.048715980362727236,0.23502029256550558,0.07055843725792177,0.28175518451280523,0.27692048880058484,0.08702961650045553,0.0,0.0,False,False,0.0,0
R05,1835086220,10,224,0.9832719575214427,0.9832719828074221,0.1391114344371684,0.9832719575214427,0.014000000000000002,0.780636647219952,0.5809807900807714,0.7887774295964987,0.9435357550684811,230,2.9910324044038394e-05,0.18132449872198145,0.002119321578924884,0.24538317820342975,0.5706461502030921,0.0004969409685279714,0.2,0.0,False,False,0.0,0
R05,1835086220,11,230,0.9870597047147044,0.9870719707484084,0.08991433453272368,0.9870597047147044,0.22400000000000003,0.7841268143291945,0.5947359698310575,0.8089670667397468,0.9375772448663037,236,0.22255274067905842,0.18469017556589207,0.0043515855714015474,0.23348933380799064,0.29533690051448996,0.059579263861167346,0.8,0.0,False,False,0.0,0
R05,1835086220,12,236,0.9831049067757865,0.9881007896289069,0.042086274071540156,0.9831049067757865,0.456,0.7906606728622383,0.6102402200133157,0.8114650642383031,0.9511321529717768,241,0.25301310842263813,0.29160009725778496,0.0306310997049398,0.14842703188489378,0.2169735208626547,0.05935514186708866,0.4,0.4,False,False,0.0,0
R05,1835086220,13,241,0.9835119148407853,0.9835158946258832,0.0988455145820693,0.9835119148407853,0.2,0.7940991623410931,0.6180149100064692,0.814727101992764,0.9552390137264073,242,0.16608376242274214,0.2664607582690538,0.016938655613172236,0.302501787873554,0.22204272089145607,0.025972314930021993,0.0,0.2,False,False,0.0,0
R05,1835086220,14,242,0.9902209546674187,0.9902209645160346,0.14667319912882334,0.9902209546674187,0.05600000000000001,0.7971794535156621,0.6122566454622237,0.8244809497814356,0.9315298705265629,246,0.0017810119509741478,0.3176656355697303,0.007875625401491629,0.3908487172531352,0.25613278993973987,0.02569621988492903,0.4,0.0,False,False,0.0,0
R05,1835086220,15,246,0.9869782168573166,0.986978221304906,0.1529750992167996,0.9869782168573166,0.0,0.8035522683950787,0.6289390434558229,0.8197364067565137,0.9548171272560178,245,0.27869037833387994,0.2158332534962596,0.019068225952996135,0.2419919636472102,0.1885177597661083,0.055898418803545825,0.0,0.0,False,False,0.0,0
R05,1835086220,16,245,0.990756495514089,0.9907565046128999,0.14730783895012317,0.990756495514089,0.014000000000000002,0.803344932584927,0.6384518529072987,0.831085196566866,0.9562700333861509,253,0.1994970203033366,0.18864986019609012,0.011271443290135729,0.2269733781094967,0.2666121524300183,0.10699614567092261,0.2,0.0,False,False,0.0,0
R05,1835086220,17,253,0.9682462959051386,0.9826374544240098,0.033620381292109765,0.9682462959051386,0.55,0.7992731242388442,0.65026353041871,0.833058916037586,0.9766039370035294,262,0.23417837695970262,0.22291024112874896,0.07643949692868153,0.23430915307165437,0.22541119563703294,0.006751536274179385,1.0,0.2,False,False,0.0,0
R05,1835086220,18,262,0.991498513312345,0.9915052751511888,0.0946905418735602,0.991498513312345,0.21400000000000002,0.7965497007001627,0.6618760315909608,0.8215935341992152,1.0113623049869196,273,0.23907097116482828,0.20154928219351628,0.05283073112578789,0.3090624668566465,0.15920254882693927,0.038283999832281854,0.2,0.2,False,False,0.0,0
R05,1835086220,19,273,0.9878546988345028,0.9879739952451588,0.07181420768407701,0.9878546988345028,0.326,0.7897686141302342,0.6673212172828288,0.8239271801948664,1.0255249548888243,288,0.16923734089270037,0.23679014621450514,0.09099274139313336,0.23413080268941786,0.22246499707786357,0.046383971732379785,0.6,0.2,False,False,0.0,0
R05,1835086220,20,288,0.9894391766605514,0.9895648044395796,0.07141538181860116,0.9894391766605514,0.326,0.7957949608683444,0.6742615473347072,0.8346463403641777,1.0151371338165887,291,0.19132988645024882,0.24735832742320313,0.05149148885188049,0.21145046886077554,0.26555939094398967,0.03281043746990232,0.6,0.2,False,False,0.0,0
R05,1835086220,21,291,0.9894120916909368,0.9894257894754588,0.08905450042945978,0.9894120916909368,0.256,0.7979256056553204,0.6726347478871455,0.835378241706283,1.0090989112139992,294,0.08857847398967096,0.17099840658640286,0.04688147058528526,0.3476806631618318,0.22098267689261528,0.12487830878419387,0.4,0.2,False,False,0.0,0
R05,1835086220,22,294,0.9878360285715928,0.9878360402811681,0.14527630656930274,0.9878360285715928,0.05600000000000001,0.8048274812203092,0.685323211176209,0.8412576868213907,1.0121936267957847,285,0.26650250854275986,0.16867238214945063,0.051021565048037926,0.2224689926183764,0.24708634642867952,0.044248205212695735,0.4,0.0,False,False,0.0,0
R05,1835086220,23,285,0.9900320288651467,0.9900320304842865,0.16104308546604834,0.9900320288651467,0.014000000000000002,0.802308962908383,0.6844668140485647,0.8528461898757023,1.0003225037240846,296,0.10512204288957724,0.25861499169221575,0.018919339777157564,0.31782713766795356,0.27857135868225325,0.02094512929084275,0.2,0.0,False,False,0.0,0
R05,1835086220,24,296,0.990632466475003,0.9921403967301512,0.05165393430484659,0.990632466475003,0.42400000000000004,0.7992083787174193,0.6875317599215568,0.8585947110790042,1.0019464886641392,312,0.15360358219275463,0.2635040538987793,0.03644724113906795,0.2752023388770035,0.25516570095436103,0.016077082938033654,0.8,0.2,False,False,0.0,0
R05,1835086220,25,312,0.9731861418340623,0.9863233185729887,0.034375886891713406,0.9731861418340623,0.55,0.8006505876214155,0.6810571099116288,0.8723766645318025,0.9750715036201699,313,0.0362742248268729,0.21050669147561205,0.13247927198353057,0.298419618232684,0.2982071228034934,0.02411307067780714,1.0,0.2,False,False,0.0,0
R05,1835086220,26,313,0.985907681879784,0.9867703795597867,0.0560558694725346,0.985907681879784,0.4,0.799072623890007,0.6737320353308107,0.8851389980786223,0.9525537047621919,314,0.021597261434541597,0.2551346173335123,0.01087619309959457,0.31851275082177016,0.3379892479523531,0.055889929358228355,0.0,0.4,False,False,0.0,0
R05,1835086220,27,314,0.9849804022292409,0.985784162257472,0.056611193160240124,0.9849804022292409,0.4,0.7988374657922417,0.6700690818720312,0.8966250982707601,0.9355139385939008,313,0.06279560384701184,0.18225156503423243,0.07834700202057318,0.28012512137119305,0.3403532876821267,0.05612742004486293,0.0,0.4,False,False,0.0,0
R05,1835086220,28,313,0.9918989924578459,0.9919011853925567,0.10365719536301629,0.9918989924578459,0.21400000000000002,0.8003234340574128,0.6650011017975372,0.9059550731433065,0.9171706952554224,311,0.04294342523884559,0.20520188462565997,0.16540041670025174,0.2467131289169019,0.2949624234981122,0.044778721020228666,0.2,0.2,False,False,0.0,0
R05,1835086220,29,311,0.9890278739531482,0.9897281842989579,0.05773969362737835,0.9890278739531482,0.4,0.803547244348172,0.6694236978170106,0.9117253723542291,0.9137462875014287,311,0.1584081388668782,0.2619010406896631,0.03517700768347806,0.18385411132011495,0.2818290326262665,0.07883066881359913,0.0,0.4,False,False,0.0,0
R05,1835086220,30,311,0.9916102177115512,0.9920037957692679,0.062344921464063494,0.9916102177115512,0.4,0.7991532693702081,0.6853024478203285,0.9205528351188063,0.931544235405106,311,0.304374186177105,0.148374587183384,0.0029283140448606217,0.17776534981169653,0.30307994919213016,0.06347761359082378,0.0,0.4,False,False,0.0,0
R05,1835086220,31,311,0.9912746597949873,0.9912746612433181,0.1619404856022564,0.9912746597949873,0.0,0.8006152240920749,0.6886334607203969,0.9005079532046301,0.9551613138895694,313,0.15745169113856058,0.24230750946468343,0.021342821901177197,0.31343909786842183,0.16005200798852198,0.10540687163863505,0.0,0.0,False,False,0.0,0
R05,1835086220,32,313,0.9907301689706276,0.9913496652586058,0.05872876357048514,0.9907301689706276,0.41400000000000003,0.8051834439590759,0.693268849206584,0.8924651036556444,0.9647518193275929,317,0.17583826902758812,0.16817343231780058,0.04382400354888192,0.3002784468293302,0.21003972885738667,0.10184611941901246,0.2,0.4,False,False,0.0,0
R05,1835086220,33,317,0.9888325027143123,0.9896964451337356,0.056067961637890025,0.9888325027143123,0.4,0.8101045590603875,0.6891208183193475,0.9032185932900799,0.9418059387354436,316,0.068942644663658,0.205851052194643,0.03520355757722187,0.20906700417328478,0.41865335928449,0.06228238210670232,0.0,0.4,False,False,0.0,0
R05,1835086220,34,316,0.9889717552455985,0.9896172591074185,0.05838748701459391,0.9889717552455985,0.41400000000000003,0.8116468774436536,0.7046647774033801,0.912896733961072,0.9510290616850117,329,0.3162703708431683,0.2525162509752927,0.015292803661373752,0.06543137169473673,0.316662987014769,0.03382621581065943,0.2,0.4,False,False,0.0,0
R05,1835086220,35,329,0.9755997442447191,0.992128464191812,0.032594541897520826,0.9755997442447191,0.55,0.8161785682175774,0.6975411637336908,0.9156832755045834,0.9333389129314456,326,0.03887031500599606,0.1900137381917497,0.18598666902038963,0.28255172422413066,0.270381074698093,0.03219647885964096,1.0,0.2,False,False,0.0,0
R05,1835086220,36,326,0.9866453318485118,0.9867319516978248,0.07435207295724873,0.9866453318485118,0.326,0.8148405889224378,0.6946956612034109,0.9241149479541251,0.9225627967241798,321,0.08789444570505724,0.2078913847264002,0.01371634742290286,0.32206702927572267,0.31192447437578885,0.0565063184941283,0.6,0.2,False,False,0.0,0
R05,1835086220,37,321,0.9885490199783882,0.9885490206797658,0.16769058245265583,0.9885490199783882,0.014000000000000002,0.814626915129936,0.6913130196090886,0.9156967236595791,0.9267536833694076,323,0.07940176832310343,0.2513098442822409,0.05722559191325392,0.28510952273321666,0.21996635250433258,0.10698692024385249,0.2,0.0,False,False,0.0,0
R05,1835086220,38,323,0.9898530351603565,0.9898584127413311,0.09650061419431458,0.9898530351603565,0.22400000000000003,0.8179316078956345,0.6979013394456225,0.9241270512936212,0.9233053613337516,325,0.20192463521235363,0.2415389394932362,0.01581349652413319,0.14802030742952932,0.3704869793626935,0.022215641978054097,0.8,0.0,False,False,0.0,0
R05,1835086220,39,325,0.9917888329726698,0.9919145461320094,0.07142885271052733,0.9917888329726698,0.326,0.8193584348447487,0.7045390428015341,0.9317143461642591,0.9228866281901648,327,0.20665962910241004,0.19021204783378307,0.0496959945011591,0.22043709989105692,0.31971950607667105,0.013275722594919775,0.6,0.2,False,False,0.0,0
R05,1835086220,40,327,0.9913300532531022,0.99133450753618,0.09801193492191194,0.9913300532531022,0.22400000000000003,0.8175567871218116,0.7138175889656848,0.9136851927136302,0.9555924945780844,332,0.24381872880284197,0.16390769437015304,0.08165944483957144,0.28935119473672544,0.17571140582898567,0.045551531421722496,0.8,0.0,False,False,0.0,0
R05,1835086220,41,332,0.988736280012409,0.988736293344036,0.14425087893748526,0.988736280012409,0.05600000000000001,0.8151802508663384,0.7151719113537197,0.9058728616327071,0.968477533002007,329,0.1505650229539889,0.2012578873122043,0.030228438736523894,0.23796187567101354,0.21778094095219952,0.1622058343740699,0.4,0.0,False,False,0.0,0
R05,1835086220,42,329,0.9908837848008024,0.990972841100091,0.0741654008794171,0.9908837848008024,0.35,0.8142333061112796,0.7086601126821658,0.9108959901340616,0.9554772161011676,333,0.05308496120165103,0.29613513384509815,0.025209527872940736,0.25510219926191335,0.27805207332312654,0.09241610449527039,1.0,0.0,False,False,0.0,0
R05,1835086220,43,333,0.9911682729235456,0.9911682773988026,0.15295945603047967,0.9911682729235456,0.014000000000000002,0.8142027766328025,0.7035895078007075,0.9197819453705651,0.9395110554689343,330,0.06703000940812588,0.2129591122637323,0.008052532409224268,0.21800267360837225,0.29987777124954806,0.1940779010609972,0.2,0.0,False,False,0.0,0
R05,1835086220,44,330,0.9874512964826914,0.9874549854239518,0.0994814086667456,0.9874512964826914,0.22400000000000003,0.813043869894844,0.6993840214759237,0.9244311219033562,0.930523120076582,328,0.07467486331564513,0.2648039978697899,0.041635017028907574,0.18925875622949748,0.2831368553492377,0.14649051020692214,0.8,0.0,False,False,0.0,0
R05,1835086220,45,328,0.9854076858450836,0.9882252786185723,0.046646260571756,0.9854076858450836,0.456,0.8154430879947924,0.6894944832175018,0.9300697255220436,0.9091208787459983,327,0.000995785192179043,0.4050625572298957,0.0022302677856380153,0.29630658235351504,0.290408579045115,0.004996228393657285,0.4,0.4,False,False,0.0,0
R05,1835086220,46,327,0.9926132295105459,0.9933138362519774,0.05776511152745761,0.9926132295105459,0.41400000000000003,0.8182749684707863,0.7029831494793359,0.9248671862687113,0.9288942570600843,322,0.2870423802838654,0.21084665030568306,0.04601954699295913,0.21284357788226357,0.23902216649436034,0.004225678040868462,0.2,0.4,False,False,0.0,0
R05,1835086220,47,322,0.9865656750653773,0.986565698645986,0.1396938692657548,0.9865656750653773,0.05600000000000001,0.8177328864314742,0.7033097933258873,0.9174228644342253,0.9374878356910133,321,0.13094751650647674,0.20569866028454037,0.12408949291682439,0.2655039867426904,0.22521198396192527,0.04854835958754287,0.4,0.0,False,False,0.0,0
R05,1835086220,48,321,0.9916800995094989,0.9916802216244108,0.1266443848842847,0.9916800995094989,0.126,0.8215720122100101,0.6964879135313443,0.9256805779908027,0.9158129839803032,319,0.0417951233968923,0.31093312621434405,0.0703336125468728,0.19617568756542794,0.36668505050492695,0.014077399771535984,0.6,0.0,False,False,0.0,0
R05,1835086220,49,319,0.9918252782007118,0.9918252801751978,0.15947810728200923,0.9918252782007118,0.014000000000000002,0.818033680675936,0.6906047100575864,0.9331125201917224,0.904741130346498,330,0.04926490253511633,0.24759868036250185,0.016398705330727164,0.3030779776621011,0.3117463929188591,0.07191334119069437,0.2,0.0,False,False,0.0,0
R05,1835086220,50,330,0.9821816117803915,0.9895277030904582,0.03902872029677195,0.9821816117803915,0.526,0.8149110595014871,0.6851303545092022,0.9398012681725502,0.8945960385074395,336,0.05069849943119004,0.18988861193819076,0.0008714143266660738,0.3735381816388271,0.3837410626565345,0.0012622300085915297,0.6,0.4,True,True,0.03,0
R05,1835086220,51,336,0.9907734748538699,0.9908533166953094,0.07503384847926188,0.9907734748538699,0.326,0.8060740470141148,0.6961589612791987,0.9388376467028381,0.9199050082249554,336,0.2535640561932078,0.15644863466642359,0.03697514530048168,0.12939401968626835,0.26508252673771476,0.15853561741590388,0.6,0.2,True,True,0.06,0
R05,1835086220,52,336,0.9776246527911616,0.9923155175367979,0.03353432534825479,0.9776246527911616,0.55,0.803612675982422,0.6966216821047302,0.936438915583464,0.9257010485159463,335,0.12838336111864276,0.2926987677168375,0.04336600278845182,0.18497202014062059,0.2574251677545488,0.0931546804808984,1.0,0.2,True,True,0.09000000000000001,0
R05,1835086220,53,335,0.9874691875502263,0.9892147848935731,0.050465400068504765,0.9874691875502263,0.42400000000000004,0.8015758659371716,0.7117905979994936,0.9248773857156455,0.9601154397089945,338,0.3911611540960692,0.16449455523155268,0.052750576934333555,0.14459527165851882,0.21041180845263913,0.0365866336268865,0.8,0.2,True,True,0.12000000000000001,0
R05,1835086220,54,338,0.9899400092948052,0.9899400103860904,0.16418290530086208,0.9899400092948052,0.0,0.8059047647444976,0.7127685665238258,0.9056614758442281,0.9765599758853558,336,0.14459373030383524,0.23466384843292837,0.016490372383116157,0.3190357933591706,0.16635914350073544,0.1188571120202142,0.0,0.0,True,True,0.15000000000000002,0
R05,1835086220,55,336,0.9921935722705277,0.9921981928127857,0.09772716250952895,0.9921935722705277,0.21400000000000002,0.8081695617516073,0.7142325997554987,0.9070363148027503,0.9743444241666464,331,0.1512807694733026,0.1734466120697818,0.03294507409243447,0.2145220006331599,0.2597049327147251,0.1681006110165961,0.2,0.2,True,True,0.18000000000000005,0
R05,1835086220,56,331,0.9925782464816755,0.9925782539515181,0.1488927445968231,0.9925782464816755,0.05600000000000001,0.8077557641889116,0.7130831607782674,0.8878280308837367,0.9943316475975232,335,0.11952738763179555,0.23171483980697977,0.06349346566887028,0.32233101032816336,0.1574767378063077,0.1054565587578832,0.4,0.0,True,True,0.21000000000000008,0
R05,1835086220,57,335,0.9899731999365563,0.9902804108951719,0.06430314731306722,0.9899731999365563,0.35,0.8028111630629887,0.7136975850783194,0.8873131101425679,1.001898960995975,338,0.14085727923706706,0.17004207214870096,0.08740571463336526,0.28293278532518995,0.2413394117360238,0.07742273691965293,1.0,0.0,True,True,0.2400000000000001,0
R05,1835086220,58,338,0.9930381615782491,0.9936239653127783,0.05919214673634605,0.9930381615782491,0.4,0.798746887863749,0.7099455698925894,0.898581799128311,0.9891411207419308,349,0.08666080085232489,0.20166994465448296,0.017253820348614855,0.26630772545081105,0.3063102040053249,0.1217975046884415,0.0,0.4,True,True,0.27000000000000013,0
R05,1835086220,59,349,0.9900376874222151,0.9912241715974834,0.053554956616764585,0.9900376874222151,0.41400000000000003,0.8018798293297976,0.7046575062677625,0.90872361921548,0.9670233862036713,341,0.06511518587253201,0.1950681287088301,0.05395131265066805,0.21968687055003525,0.4224992450513065,0.04367925716662798,0.2,0.4,True,True,0.30000000000000016,0
R05,1835086220,60,341,0.9927170056809594,0.9927212187586881,0.098466220742596,0.9927170056809594,0.22400000000000003,0.8032728259401982,0.7012240230522818,0.8939336897386085,0.976536331923198,338,0.08499240122384388,0.3352097504113293,0.06855552428699634,0.2806676081802057,0.1804121622233827,0.05016255367424212,0.8,0.0,True,True,0.3300000000000002,0
R05,1835086220,61,338,0.9907410512544628,0.9907411920769678,0.12550223256967385,0.9907410512544628,0.126,0.7998973549744223,0.7056161424827828,0.8887374620870457,0.9925691207882027,337,0.18066650728893852,0.19111360082365417,0.1473051546688899,0.21119167613355394,0.2209857066114903,0.048737354473473236,0.6,0.0,True,True,0.3600000000000002,0
R05,1835086220,62,337,0.991743538680961,0.991743540046207,0.16241450819455716,0.991743538680961,0.0,0.8013274284321525,0.7157349594854284,0.862129656218438,1.0360235739777317,329,0.25499530158480943,0.18768723095710474,0.02225372591879626,0.38021181368551255,0.11132970170048424,0.04352222615329282,0.0,0.0,True,True,0.39000000000000024,0
R05,1835086220,63,329,0.9795083673282596,0.9926620207523208,0.03441690211038327,0.9795083673282596,0.526,0.7992831952903166,0.7148908590631983,0.854624084443157,1.0465595238809617,334,0.1242830944005164,0.2482777388025023,0.15198248863284763,0.2656263421930031,0.19353696923281427,0.01629336673831638,0.6,0.4,True,True,0.42000000000000026,0
R05,1835086220,64,334,0.9898258985356443,0.9914722760028989,0.05094936401640481,0.9898258985356443,0.42400000000000004,0.8033475537918671,0.7139700050984075,0.8477869710669376,1.0483100594860122,324,0.12279611235461445,0.17371535312535297,0.08454560271943544,0.2865988557025766,0.19312647534048166,0.139217600757539,0.8,0.2,True,True,0.45000000000000023,0
R05,1835086220,65,324,0.988381070972559,0.9905842577992663,0.04862324283004617,0.988381070972559,0.456,0.7985837771974433,0.714499459581089,0.8413489245073408,1.0634211099824877,329,0.1403494342200226,0.17949560774204304,0.13724783463124562,0.25700775967098416,0.19170325273548494,0.09419611100021966,0.4,0.4,True,True,0.48000000000000026,0
R05,1835086220,66,329,0.9905077677749801,0.9905131339638843,0.09652275828937285,0.9905077677749801,0.2,0.7997155294193004,0.728520525742824,0.8566688904550889,1.063391701468834,327,0.3093254892598681,0.2300968794974841,0.05813226492901289,0.09843299297720143,0.2972742919924109,0.00673808134402263,0.0,0.2,True,True,0.5100000000000002,0
R05,1835086220,67,327,0.9890990348907281,0.9891138014925598,0.08845391863379522,0.9890990348907281,0.256,0.801566720489253,0.7272724114860651,0.8484215691468411,1.069413678038081,331,0.12722390037977896,0.2747799970169576,0.09181670021692255,0.28745990059722343,0.1870978386863055,0.03162166310281178,0.4,0.2,True,True,0.5400000000000001,0
R05,1835086220,68,331,0.9910667481042633,0.9925380343297696,0.05185294990550844,0.9910667481042633,0.41400000000000003,0.7994252390811749,0.7394966260290659,0.8230592857871364,1.1238988384408557,333,0.294847938966299,0.19823653961724289,0.07153239718613909,0.2571425205021268,0.09739936777489706,0.0808412359532953,0.2,0.4,True,True,0.5700000000000001,0
R05,1835086220,69,333,0.9840822753028403,0.9852467085734288,0.05365613962121244,0.9840822753028403,0.42400000000000004,0.7982723928190373,0.747144537612379,0.8120947781315678,1.1525155605976691,340,0.2452842860595808,0.2360009637363692,0.028843407911620513,0.3001796775327734,0.15670710461572546,0.03298456014393067,0.8,0.2,True,True,0.6,0
R05,1835086220,70,340,0.9886450708458158,0.990139222392816,0.05171093190949776,0.9886450708458158,0.4,0.7952061139295727,0.7493156926823116,0.8016220994257135,1.1754805189619526,349,0.1816047743818943,0.2719537307181245,0.06793385995903178,0.2490594762904245,0.15368399553651194,0.07576416311401303,0.0,0.4,True,True,0.6299999999999999,0
R05,1835086220,71,349,0.9903926488711454,0.9903972428041677,0.0977586747334737,0.9903926488711454,0.2,0.7967205487369439,0.755098887024487,0.7905253592137276,1.1988973643945002,343,0.22811223720363794,0.17303999963314431,0.02754711610228092,0.27750320489559727,0.14532734865292693,0.14847009351241247,0.0,0.2,True,True,0.6599999999999998,0
R05,1835086220,72,343,0.9896072287286912,0.9910727489980966,0.05187244649469344,0.9896072287286912,0.41400000000000003,0.7991300451120644,0.7599818607684359,0.7886307100241684,1.2059021862173467,340,0.22047397618966452,0.1760764629085718,0.054167512692969204,0.3289999085066388,0.18578943365906814,0.034492706043087525,0.2,0.4,True,True,0.6899999999999997,0
R05,1835086220,73,340,0.994913840596538,0.9949314806596656,0.08708526212817533,0.994913840596538,0.256,0.7987897309999735,0.7597668438533187,0.8048821171675299,1.181722720537758,341,0.15980095154130775,0.18414507304188513,0.08017972388107882,0.2927468002230886,0.27557239072889145,0.007555060583748237,0.4,0.2,True,True,0.7199999999999996,0
R05,1835086220,74,341,0.9894167281897703,0.9894167328772336,0.15257660450934646,0.9894167281897703,0.0,0.7998943674253817,0.7542124504070544,0.8130748585946317,1.1596595970507848,343,0.09292435933001993,0.17486585720553802,0.01639607295725379,0.2581386475657209,0.2434047657192741,0.21427029722219335,0.0,0.0,True,True,0.7499999999999996,0
R05,1835086220,75,343,0.9895000137577766,0.989762629627504,0.06554746050208048,0.9895000137577766,0.35,0.8006200478835253,0.7540752479685762,0.8124674010077747,1.1592638151045203,340,0.15716775102343147,0.17073902117670176,0.08452171148103119,0.22580793325171294,0.20350014136303096,0.15826344170409173,1.0,0.0,True,True,0.7799999999999995,0
R05,1835086220,76,340,0.9921743476889496,0.9921766326995648,0.1033320078749002,0.9921743476889496,0.2,0.7973338147597309,0.7612644699273095,0.8036487039825688,1.1880347096521522,338,0.2486623044645257,0.16966514738395577,0.05091135634740067,0.18026842280336533,0.16214021537785805,0.1883525536228946,0.0,0.2,True,True,0.8099999999999994,0
R05,1835086220,77,338,0.9884527795372147,0.9884527841804476,0.15264431262191774,0.9884527795372147,0.0,0.7948672277340458,0.7543830096957618,0.8232838335843119,1.1527834149831861,338,0.07727204081022308,0.2127103667959958,0.020010764372500413,0.28646031519829446,0.3410807066738132,0.06246580614917313,0.0,0.0,True,True,0.8399999999999993,0
R05,1835086220,78,338,0.991298566711943,0.9913075609548372,0.09241802603285862,0.991298566711943,0.22400000000000003,0.7957344669027713,0.7666638592109737,0.8257954663365367,1.166713779003748,337,0.35224596796722485,0.18401242455414307,0.048635366950583944,0.10169228829990802,0.22420008055327967,0.0892138716748605,0.8,0.0,True,True,0.8699999999999992,0
R05,1835086220,79,337,0.991010703277692,0.9912569070488658,0.06607315544783317,0.991010703277692,0.35,0.7951136298324873,0.761041395532769,0.8067217821407121,1.1864660031555587,341,0.09638411602929907,0.3521957855440119,0.012594630683813,0.30638525081370244,0.11752931218914549,0.11491090474002806,1.0,0.0,True,True,0.8999999999999991,0
R05,1835086220,80,341,0.9916983602546735,0.9932135823711833,0.05162414039307839,0.9916983602546735,0.42400000000000004,0.793354915672169,0.7588729477529477,0.826049603926641,1.157964984689312,350,0.1360452749602142,0.19001248730161743,0.05581270192966267,0.22977908464224922,0.31490281237213436,0.07344763879412201,0.8,0.2,True,True,0.929999999999999,0
R05,1835086220,81,350,0.9750750227177012,0.9901285247030296,0.0333226577165673,0.9750750227177012,0.526,0.7951482187574302,0.7499296761381249,0.8325620320480549,1.132806801346077,349,0.050004697160307254,0.2540994794398404,0.017981478175809102,0.274623419671286,0.24558694257039043,0.15770398298236682,0.6,0.4,True,True,0.9599999999999991,0
R05,1835086220,82,349,0.9919782195391934,0.991988626674215,0.09126206287387428,0.9919782195391934,0.22400000000000003,0.802546830050419,0.762116346642721,0.8273267504736042,1.1478201020047527,344,0.30853942889377883,0.2152666343209685,0.04117708320520492,0.24198348555034396,0.19010460815177355,0.002928759877930207,0.8,0.0,True,True,0.9899999999999991,0
R05,1835086220,83,344,0.9900532268774115,0.9900532352254675,0.14798766883568262,0.9900532268774115,0.014000000000000002,0.8045645279110453,0.7626862047479326,0.8272385272418343,1.145919888485008,341,0.1709459429668461,0.19835050318564992,0.004484822918679688,0.2810379566261739,0.21322225907795286,0.1319585152246975,0.2,0.0,True,True,1.0199999999999991,0
R05,1835086220,84,341,0.9895429262913423,0.9895435758940132,0.11332275928341314,0.9895429262913423,0.126,0.7921003324582927,0.774551894510536,0.8370899276661027,1.1681489116310197,357,0.3466890062688768,0.15041307999897904,0.02289991087721506,0.15760999156341843,0.2628762657422589,0.05951174554925174,0.6,0.0,True,True,1.0499999999999992,0
R05,1835086220,85,357,0.9900230135052915,0.9900230475344303,0.13680202042928882,0.9900230135052915,0.014000000000000002,0.7829321338986527,0.7804252853025656,0.8196968918700781,1.216056981226712,366,0.2450123189694559,0.15469359840027833,0.02833546039048501,0.27925894479376107,0.13157978485292865,0.16111989259309095,0.2,0.0,True,True,1.0799999999999992,0
R05,1835086220,86,366,0.9895796843305114,0.9895796888610917,0.15284888850037073,0.9895796843305114,0.0,0.7864174816478317,0.7780904535576499,0.8073229364729086,1.2255460560611227,367,0.14608040650265708,0.1928945134839761,0.05548779232006449,0.34923646898093585,0.14797866894919165,0.10832214976317485,0.0,0.0,True,True,1.1099999999999992,0
R05,1835086220,87,367,0.9900162963088811,0.990016397947914,0.12809196964091205,0.9900162963088811,0.05600000000000001,0.7887579894105998,0.7784810808697668,0.8209223095430976,1.2022706161549233,367,0.17868937487499081,0.17207207525416487,0.12009916369505205,0.19976771703931367,0.2716583335873994,0.0577133355490791,0.4,0.0,True,True,1.1399999999999992,0
R05,1835086220,88,367,0.9919418544838271,0.9920985363773583,0.06967740280582667,0.9919418544838271,0.326,0.7855099866536044,0.7781905744262573,0.8160166983402151,1.2140461875409065,364,0.17041934499973618,0.15515162659480505,0.029626250569135367,0.3440644821387385,0.1859330987571358,0.11480519694044913,0.6,0.2,True,True,1.1699999999999993,0
R05,1835086220,89,364,0.9925560282440752,0.9925718891124211,0.08791265807173164,0.9925560282440752,0.21400000000000002,0.7887178014200565,0.7804875106732173,0.8151989657186478,1.2138938046247467,361,0.2025808121034109,0.16953445788318308,0.07482024997326031,0.2411094675059128,0.2039196860622715,0.10803532647196151,0.2,0.2,True,True,1.1999999999999993,0
R05,1835086220,90,361,0.9915592553645459,0.9915647947178942,0.0962783947779117,0.9915592553645459,0.21400000000000002,0.7852233046533229,0.7728979020255616,0.8321795587774593,1.1828016020385324,364,0.08043458607506446,0.15649758693968696,0.07016661542666958,0.34699755863603854,0.29250244815338144,0.05340120476915912,0.2,0.2,True,True,1.2299999999999993,0
R05,1835086220,91,364,0.9920086605463699,0.9920086706457414,0.14648742262245507,0.9920086605463699,0.014000000000000002,0.7860128901117657,0.775095855551816,0.8179799957328913,1.2055439937092736,370,0.19803560784415547,0.1726784148707186,0.0640190545086254,0.35423425658604746,0.14509196416588918,0.06594070202456384,0.2,0.0,True,True,1.2599999999999993,0
R05,1835086220,92,370,0.990272224452712,0.9912782405954716,0.054868774056915474,0.990272224452712,0.4,0.7861849254005628,0.7664654297545318,0.8340201942551404,1.1689375043048886,368,0.06405458725383245,0.1575423298305191,0.05958350060152329,0.3155606332822775,0.28919099047769137,0.11406795855415636,0.0,0.4,True,True,1.2899999999999994,0
R05,1835086220,93,368,0.990557893776799,0.9905586826519563,0.111784698700755,0.990557893776799,0.126,0.7915451297966849,0.7725156792933421,0.8181156955817744,1.192935319382129,366,0.24216901283171094,0.1920306528025638,0.09800433837192883,0.31471960185327436,0.13748760376074023,0.01558879037978194,0.6,0.0,True,True,1.3199999999999994,0
R05,1835086220,94,366,0.9888942716220518,0.9888942756342475,0.1538106130187449,0.9888942716220518,0.014000000000000002,0.7893263682100918,0.7768630780892375,0.8039436530804018,1.224227861863873,364,0.2246647845070318,0.2260856142465662,0.09119394803121783,0.2655685894610386,0.1381976352840243,0.05428942847012136,0.2,0.0,True,True,1.3499999999999994,0
R05,1835086220,95,364,0.9892766043119737,0.9892766097777106,0.15135275071845533,0.9892766043119737,0.014000000000000002,0.7897708362617386,0.7744912365637491,0.8001546563420895,1.225579473457209,363,0.1433914047371688,0.17528865098461843,0.05144425450298569,0.41519670405233117,0.1830268428486393,0.031652142874256745,0.2,0.0,True,True,1.3799999999999994,0
R05,1835086220,96,363,0.9927930250215395,0.992804249630949,0.09066668800200797,0.9927930250215395,0.21400000000000002,0.7930989761366618,0.7776652589494641,0.8201391907078805,1.1955775276917864,359,0.21123230267378118,0.3040467786341087,0.010377878764568192,0.14722578078932974,0.3071695491011209,0.019947710037091303,0.2,0.2,True,True,1.4099999999999995,0
R05,1835086220,97,359,0.989339380819204,0.9893394480964265,0.1313708988681671,0.989339380819204,0.05600000000000001,0.7811102520341342,0.7721777465610634,0.82679191769354,1.1956628097822466,368,0.10494688198840658,0.14686459552976744,0.08854333883735874,0.37284609022480897,0.24333323028223752,0.04346586313742066,0.4,0.0,True,True,1.4399999999999995,0
R05,1835086220,98,368,0.991669991519343,0.9916772059784328,0.09417617011526404,0.991669991519343,0.2,0.7818272349318627,0.775779981270517,0.8319654496471449,1.1926760067402127,363,0.2151390254688343,0.2662144256374481,0.05473865683064695,0.1692256868227828,0.23926361861479462,0.05541858662549316,0.0,0.2,True,True,1.4699999999999995,0
R05,1835086220,99,363,0.9876291201132577,0.9918662190553406,0.043427855973997294,0.9876291201132577,0.456,0.7866473242862414,0.773324249170829,0.8342249805025911,1.1784152885728585,363,0.14166583704797345,0.30822593367008827,0.13100336284021047,0.16954525490275765,0.22728037910080306,0.02227923243816712,0.4,0.4,True,True,1.4999999999999996,0
R05,1835086220,100,363,0.9915890924150088,0.9916303617338709,0.08029316766290523,0.9915890924150088,0.256,0.7878527885295334,0.7746404698830442,0.8395632537370898,1.1711207712666258,360,0.18728041463445905,0.30854590412591343,0.05641288266308541,0.2002073183968055,0.2438038564237895,0.003749623755947091,0.4,0.2,True,True,1.5299999999999996,0
R05,1835086220,101,360,0.9872983827421591,0.9872983863139683,0.15472324603005053,0.9872983827421591,0.0,0.7919052187807596,0.7755420548528988,0.8293207247761871,1.1808905016051936,360,0.18292010580008453,0.28536686418650653,0.025223971126091007,0.25990250448998126,0.16856898206403134,0.07801757233330553,0.0,0.0,True,True,1.5599999999999996,0
R05,1835086220,102,360,0.9907783556103597,0.9907783823954797,0.13871349969032482,0.9907783556103597,0.014000000000000002,0.790982429800218,0.7722254019293128,0.840985432623009,1.1608838615513757,353,0.13075562273823543,0.34646946310548404,0.019264121028355043,0.2152984563335459,0.2729839016222026,0.015228435172177016,0.2,0.0,True,True,1.5899999999999996,0
R05,1835086220,103,353,0.9766787443810399,0.9896508111069793,0.03450337348112428,0.9766787443810399,0.526,0.7981912579797066,0.7656679215638379,0.8529420847966587,1.1246410772298383,357,0.08817237163738387,0.3102773291666335,8.241769506734257e-05,0.2663527316941145,0.28027597717975317,0.05483917262704774,0.6,0.4,True,True,1.6199999999999997,0
R05,1835086220,104,357,0.9881668174371709,0.990463495458684,0.04829146063075617,0.9881668174371709,0.456,0.7993791228237135,0.7600234566864941,0.8676478763169928,1.0957984614313352,349,0.0954866400106012,0.17872340492551578,0.006911688750182124,0.2481598092433915,0.44870316797017695,0.022015289100132496,0.4,0.4,True,True,1.6499999999999997,0
R05,1835086220,105,349,0.990486269198044,0.9916426765700728,0.05376270243025001,0.990486269198044,0.42400000000000004,0.8010188678845259,0.7720222838521693,0.8487378703601052,1.1355689511616016,349,0.3391885655545496,0.1810126312733295,0.11385420234415397,0.21861425063354392,0.13927390837405845,0.00805644182036455,0.8,0.2,True,True,1.6799999999999997,0
R05,1835086220,106,349,0.9941915970928982,0.9942003491385023,0.09265850899105033,0.9941915970928982,0.21400000000000002,0.8048439902546455,0.7697886578484868,0.8638640833240947,1.107170191006945,346,0.1420936023615745,0.17323618613373554,0.011205783588828434,0.29308461893930954,0.32458084177870755,0.05579896719784428,0.2,0.2,True,True,1.7099999999999997,0
R05,1835086220,107,346,0.9892738735931216,0.9902429883903787,0.055157927089482715,0.9892738735931216,0.4,0.8071317389500832,0.7655960275894821,0.8617198075235044,1.1007512064716176,351,0.11621003291774475,0.16321170331939489,0.14194975024732204,0.23915725271874527,0.22121066265909578,0.11826059813769738,0.0,0.4,True,True,1.7399999999999998,0
R05,1835086220,108,351,0.9910147442929035,0.993675527282081,0.04714585472292087,0.9910147442929035,0.456,0.8077874090270913,0.7644948551820281,0.8550600992025901,1.106829808244629,351,0.15223286215025175,0.300239507720088,0.0338178039407919,0.24910345664770303,0.19756136215718034,0.06704500738398501,0.4,0.4,True,True,1.7699999999999998,0
R05,1835086220,109,351,0.992431234952566,0.992434945961697,0.09947397559988491,0.992431234952566,0.2,0.8111845393059017,0.7632794126932313,0.8459542613149954,1.1122873590480296,346,0.1501162533788074,0.23448117780853206,0.05981408429814213,0.2860689637427889,0.18200086016332145,0.08751866060840813,0.0,0.2,True,True,1.7999999999999998,0
R05,1835086220,110,346,0.9883619482344391,0.9883650735653267,0.10080851682201225,0.9883619482344391,0.2,0.8133819617658767,0.7566909180929793,0.8532441298963592,1.0903117076355353,347,0.08219345043011987,0.1865649067797966,0.014242351063592808,0.2089907080006869,0.2594264735643168,0.24858211016148707,0.0,0.2,True,True,1.8299999999999998,0
R05,1835086220,111,347,0.992828033171317,0.9928280341429457,0.16513055695873002,0.992828033171317,0.0,0.815601975173929,0.7500119757552142,0.8453985068968162,1.0877483988527954,341,0.07694504458604824,0.26088561266408306,0.07832334607039981,0.33541927725206944,0.1873939499504644,0.0610327694769352,0.0,0.0,True,True,1.8599999999999999,0
R05,1835086220,112,341,0.9827467866604289,0.9932665793074975,0.036200356051591394,0.9827467866604289,0.526,0.8135751359336535,0.7425157782179208,0.8608586562071345,1.0601716057670934,344,0.06255501563084226,0.16747056720336578,0.05928144763767502,0.2876016153099466,0.30955198052282784,0.1135393736953424,0.6,0.4,True,True,1.89,0
R05,1835086220,113,344,0.9936587869656484,0.9936607924298168,0.10438265717717439,0.9936587869656484,0.2,0.8115897676737716,0.7491431047743519,0.8623978561234467,1.0703370414455708,354,0.23441394334158894,0.3011003452353913,0.04101140439690344,0.1623381559498646,0.23812532768512767,0.023010823391124136,0.0,0.2,True,True,1.92,0
R05,1835086220,114,354,0.9899059812143385,0.9911119284141586,0.053424537952702314,0.9899059812143385,0.42400000000000004,0.8105831312359194,0.7542380643555563,0.875152608703075,1.0632296840063502,356,0.21940143524902578,0.2611411581438127,0.050126173221931594,0.12034832830240072,0.2949726909598651,0.054010214122964056,0.8,0.2,True,True,1.95,0
R05,1835086220,115,356,0.9917872962738536,0.9939841816761363,0.04867331650191772,0.9917872962738536,0.456,0.8079953777712807,0.7549495606490048,0.8640421670993496,1.0813695167318984,354,0.1677924938903281,0.24621011867671527,0.16055682285998973,0.16699171115497413,0.1820240963329105,0.07642475708508221,0.4,0.4,True,True,1.9799999999999998,0
R05,1835086220,116,354,0.9923965713208338,0.9925949181698557,0.06780440148885923,0.9923965713208338,0.35,0.8073483631724417,0.7578848428784206,0.8488553763129377,1.1058813877074216,351,0.1960345032733257,0.16867034110202023,0.1421378515485738,0.2773577611520781,0.15608712961761542,0.059712413306386776,1.0,0.0,True,True,2.01,0
R05,1835086220,117,351,0.990492300905634,0.9904923039219209,0.15609457170500282,0.990492300905634,0.0,0.8065831221324559,0.7656803236968056,0.8446015093932764,1.123948736689361,351,0.2586215370288256,0.17447644011934757,0.09163989231592264,0.22756414367733613,0.20315835355816192,0.04453963330040621,0.0,0.0,True,True,2.04,0
R05,1835086220,118,351,0.9939361340788718,0.9939361427508747,0.1477157778783153,0.9939361340788718,0.014000000000000002,0.8040163513114742,0.770512514467845,0.8495941464381852,1.1279849474376602,353,0.22645258694849546,0.24141009946124592,0.04239129274170807,0.2303698106956931,0.24726393992118234,0.0121122702316752,0.2,0.0,True,True,2.0700000000000003,0
R05,1835086220,119,353,0.9901203694506985,0.9901203727412853,0.1553987420717628,0.9901203694506985,0.0,0.8014252166454934,0.7692058960749185,0.8552840102060263,1.12219737476164,342,0.15273759163082262,0.1558050391271986,0.10099573058746583,0.28073813632460365,0.25324639205829785,0.0564771102716115,0.0,0.0,True,True,2.1000000000000005,0
R05,1835086220,120,342,0.9909145050508918,0.9909145100936702,0.1520070374753215,0.9909145050508918,0.014000000000000002,0.8039077366050845,0.77130915264057,0.8377695165519811,1.1452432026332933,336,0.19454439211746716,0.19160131785167409,0.07158972482960461,0.34594982376599553,0.14006953683278683,0.05624520460247184,0.2,0.0,True,True,2.130000000000001,0
R05,1835086220,121,336,0.9891704132054525,0.9894273313078014,0.06571936789810597,0.9891704132054525,0.35,0.7975743279856343,0.7693530110314905,0.8322423629996665,1.1590566755807574,348,0.14511645028686154,0.27638740158005415,0.036045045907965645,0.27798454947659496,0.19124899051441757,0.0732175622341062,1.0,0.0,True,True,2.160000000000001,0
R05,1835086220,122,348,0.9914342399396019,0.9914345985011657,0.11806831487620091,0.9914342399396019,0.126,0.8016703630941364,0.7737377370793068,0.8197582300055156,1.1773678296808738,345,0.22315470749238653,0.2046413879032214,0.04860215480341399,0.31045153915028145,0.1537005165290788,0.059449694121617845,0.6,0.0,True,True,2.1900000000000013,0
R05,1835086220,123,345,0.9898617247699648,0.9898637093638158,0.10443545339573158,0.9898617247699648,0.2,0.7963836740083488,0.7740540376604972,0.8235343016866645,1.1802316015353176,353,0.1750398429394468,0.24895138378109694,0.03263749742297133,0.2138632531436854,0.22875947340850256,0.10074854930429705,0.0,0.2,True,True,2.2200000000000015,0
R05,1835086220,124,353,0.9915253346947823,0.9916843847812479,0.06955466557412471,0.9915253346947823,0.326,0.7957426730188827,0.7853513357774723,0.8173318669910291,1.2075160342412747,356,0.42435952036484526,0.1676126345629778,0.011362597369254122,0.1350647299161099,0.1807549773651552,0.08084554042165774,0.6,0.2,True,True,2.2500000000000018,0
R05,1835086220,125,356,0.993673527910221,0.9936738534452426,0.11885545784183789,0.993673527910221,0.126,0.7992435576570184,0.7891914634833166,0.8245418207925861,1.1975414286507982,345,0.22634618118397354,0.16394259152661994,0.049371324589444286,0.2528918791187328,0.24471570250329966,0.06273232107792978,0.6,0.0,True,True,2.280000000000002,0
R05,1835086220,126,345,0.988722450404328,0.9894308633911716,0.05764573208892725,0.988722450404328,0.4,0.795080745797215,0.7941300286490759,0.8208580131688624,1.2167807766976706,350,0.24247672924906427,0.1595258394346333,0.08346042771632693,0.23001985960595728,0.19385187227767453,0.09066527171634357,0.0,0.4,True,True,2.3100000000000023,0
R05,1835086220,127,350,0.9918138308767372,0.9918138321348419,0.16306563547250272,0.9918138308767372,0.0,0.7945456651988636,0.7896987462417926,0.8387722118519761,1.1849459797583335,346,0.12844023781463143,0.2145648444689786,0.010382214838512859,0.22735297072207186,0.3022729505753923,0.11698678158041294,0.0,0.0,True,True,2.3400000000000025,0
R05,1835086220,128,346,0.9887743605230336,0.9891458753193435,0.06278117821993491,0.9887743605230336,0.35,0.7982803157960985,0.7922051213139237,0.8298259499044531,1.195900957011684,347,0.21239140480275936,0.1839748601251274,0.03245062711226565,0.3091361776702249,0.17465479618837304,0.08739213410124969,1.0,0.0,True,True,2.3700000000000028,0
R05,1835086220,129,347,0.9921864597471954,0.9923966719092474,0.06734033070594775,0.9921864597471954,0.35,0.8015768316220389,0.7912038887139439,0.8226729448307105,1.1998198483896165,347,0.1701127933214543,0.202420630293757,0.030251777246975396,0.1811417683284417,0.17914794958351327,0.2369250812258583,1.0,0.0,True,True,2.400000000000003,0
R05,1835086220,130,347,0.9917999404280089,0.9918043854642891,0.09803224875209027,0.9917999404280089,0.2,0.8061838610770439,0.7857088996681185,0.8404056503476395,1.1596811792099193,338,0.1133150673733978,0.2652360650938477,0.013193059522353,0.2645754224870349,0.32327377728032003,0.020406608243046413,0.0,0.2,True,True,2.4300000000000033,0
R05,1835086220,131,338,0.9906699406175504,0.9934730632479268,0.046729404630670116,0.9906699406175504,0.456,0.8046549671813692,0.7855385464678409,0.8342766686442539,1.170166621638984,341,0.17643864728910488,0.31969110553665303,0.10732707657814024,0.19582104603213266,0.1895579166568916,0.011164207907077745,0.4,0.4,True,True,2.4600000000000035,0
R05,1835086220,132,341,0.9925377705516769,0.9925438589619847,0.09553394995029185,0.9925377705516769,0.2,0.8065402889880334,0.7869835586281347,0.8205956734040605,1.1890780712268858,335,0.1965242435460729,0.1766702417957667,0.11976056159939068,0.3218537106259951,0.14873335812115993,0.03645788431161464,0.0,0.2,True,True,2.4900000000000038,0
R05,1835086220,133,335,0.9917481466864668,0.9917504726765884,0.10318709670114015,0.9917481466864668,0.21400000000000002,0.809424108193672,0.77666244003252,0.8379374756454996,1.145103002276602,334,0.05035074169740055,0.28186325648487826,0.01700271902097188,0.31933666915563597,0.29700684790922605,0.03443976573188738,0.2,0.2,True,True,2.520000000000004,0
R05,1835086220,134,334,0.975975164652519,0.9911386027713062,0.03327285263616263,0.975975164652519,0.526,0.8064797081138145,0.767672331991678,0.8409477966979773,1.1319139353657786,342,0.06053767450979892,0.2444767765947632,0.052228891063425494,0.24657969526700202,0.23402034308513836,0.16215661947987206,0.6,0.4,True,True,2.5500000000000043,0
R05,1835086220,135,342,0.9918695722539234,0.9918695982692983,0.1389543681199047,0.9918695722539234,0.05600000000000001,0.8055067842196023,0.7739243561235285,0.8264321369829821,1.162578039246222,345,0.24544550914293034,0.1646562954978478,0.020894074486504995,0.31779109303660075,0.1478955997740128,0.1033174280621033,0.4,0.0,True,True,2.5800000000000045,0
R05,1835086220,136,345,0.9880381812983912,0.9907836298055083,0.04687331319723834,0.9880381812983912,0.456,0.807656669748783,0.7833374348721209,0.809745373121215,1.1977705272710077,342,0.2888662069346106,0.1684508661457761,0.0816300083495749,0.2324624543920743,0.12978224918265543,0.09880821499530879,0.4,0.4,True,True,2.6100000000000048,0
R05,1835086220,137,342,0.9915207860608206,0.9915240603333498,0.10046333233225477,0.9915207860608206,0.2,0.8086543102434552,0.773188538283242,0.8208682395256488,1.1647937968706965,350,0.050224689434088414,0.2462010882973665,0.09388422887424609,0.33083244357062325,0.2604870185827769,0.018370531240898973,0.0,0.2,True,True,2.640000000000005,0
R05,1835086220,138,350,0.9913289104442924,0.991332252597037,0.10029845622419735,0.9913289104442924,0.22400000000000003,0.8087463840309955,0.7737272334174307,0.8129840971716961,1.1767751287380177,341,0.17747652560438454,0.16662038732337486,0.05951138599974708,0.3806219949033892,0.1710134079930608,0.04475629817604349,0.8,0.0,True,True,2.6700000000000053,0
R05,1835086220,139,341,0.9912040969800907,0.9912041013283798,0.15318884566249444,0.9912040969800907,0.014000000000000002,0.8084507045201912,0.7815109537536385,0.8228617575604609,1.174774866980885,346,0.2683760250884932,0.17414934774449192,0.08184304279004223,0.14088158426671712,0.25588035052967234,0.07886964958058318,0.2,0.0,True,True,2.7000000000000055,0
R05,1835086220,140,346,0.9891013035262861,0.9898656992430852,0.057043799287999325,0.9891013035262861,0.4,0.8060936430052185,0.7778356656324391,0.8332851770211626,1.158000375092826,352,0.1300032445810312,0.2674481595919606,0.11727960113140858,0.1626248290713964,0.2635479760837391,0.059096189540464056,0.0,0.4,True,True,2.7300000000000058,0
R05,1835086220,141,352,0.9914209648461126,0.9921730213948318,0.057191875168346555,0.9914209648461126,0.4,0.8148003091570946,0.7742434802708806,0.8190795736274943,1.1601129541998936,345,0.128744974000793,0.23891682158579955,0.03986505915202343,0.3454007052079114,0.14561457154223992,0.10145786851123273,0.0,0.4,True,True,2.760000000000006,0
R05,1835086220,142,345,0.9902790186718838,0.9910760821138253,0.056720408190142395,0.9902790186718838,0.4,0.8135627452039889,0.7747063997772845,0.8120874613477568,1.1725821684192719,345,0.17718866899934854,0.2109099557342773,0.05666764244018759,0.35469204019307227,0.17457922541505966,0.02596246721805462,0.0,0.4,True,True,2.7900000000000063,0
R05,1835086220,143,345,0.9901174302124409,0.9901174308573165,0.1683717598677122,0.9901174302124409,0.0,0.8100193830283458,0.7762405353732812,0.8106881814788531,1.18208053199192,357,0.19086819481076128,0.1866555718331462,0.11557817631844816,0.26184544287476874,0.1990473313293601,0.046005282833515654,0.0,0.0,True,True,2.8200000000000065,0
R05,1835086220,144,357,0.9923867363029931,0.9923899265035396,0.10067733752079483,0.9923867363029931,0.21400000000000002,0.8026178879271578,0.7874285086046171,0.8296193633309679,1.182560639194271,358,0.3142396390450142,0.15257605978639222,0.07594457448447159,0.13877366024060098,0.31035496801200396,0.008111098431517257,0.2,0.2,True,True,2.8500000000000068,0
R05,1835086220,145,358,0.9924160301293382,0.9924160347777029,0.15266737229049418,0.9924160301293382,0.014000000000000002,0.80010769617214,0.7800618343518749,0.8447127896099899,1.154174599325713,364,0.08755938971860895,0.1769301356884709,0.0027872703085377024,0.37001719661276844,0.290276813060594,0.07242919461101995,0.2,0.0,True,True,2.880000000000007,0
R05,1835086220,146,364,0.9746395222848169,0.9883287797393127,0.03406437681890448,0.9746395222848169,0.526,0.7959767059782156,0.7728812061192454,0.8574319901652361,1.1324334932438216,365,0.08528079356205222,0.16537226158795604,0.11993423791230877,0.27587524503898414,0.2859523975812259,0.06758506431747298,0.6,0.4,True,True,2.9100000000000072,0
R05,1835086220,147,365,0.9870069861283292,0.9870069959169531,0.14669595740416772,0.9870069861283292,0.05600000000000001,0.796072796869071,0.7679578290842979,0.8716887911487124,1.1066827156362242,366,0.1090085408876853,0.19244090076181344,0.05857269836372742,0.23111448618483868,0.3655588652313444,0.04330450857059068,0.4,0.0,True,True,2.9400000000000075,0
R05,1835086220,148,366,0.9896346149117312,0.991379683361529,0.05048521383898446,0.9896346149117312,0.41400000000000003,0.8012904555172345,0.7685892021122552,0.8684825580716393,1.1044427488827928,356,0.1753658060271536,0.21505696772518723,0.13381410359138132,0.21424093728820276,0.2198132301889908,0.04170895517908434,0.2,0.4,True,True,2.9700000000000077,0
R05,1835086220,149,356,0.9919676256376097,0.9919707279568662,0.10089632953664995,0.9919676256376097,0.2,0.8056829948394523,0.7623560939612368,0.872409713711864,1.0846089564141905,353,0.08995439943242953,0.36367074912940706,0.08885198029352524,0.19343109176962164,0.2538770572369431,0.010214722138073508,0.0,0.2,True,True,3.000000000000008,0
R05,1835086220,150,353,0.9903506504870614,0.9903506546664426,0.15349736105584122,0.9903506504870614,0.0,0.8073073435748244,0.7583393516237171,0.8851687423406777,1.0612033699796533,341,0.11376327950677656,0.20791417675686513,0.02434543542563833,0.31013030702327804,0.3142103465199176,0.029636454767524318,0.0,0.0,True,True,3.0300000000000082,0
R05,1835086220,151,341,0.9901800302172447,0.9901833303639319,0.10038990614643728,0.9901800302172447,0.22400000000000003,0.8073474631924609,0.7554580113613463,0.8733756097662531,1.0713929557551873,342,0.12544534148518716,0.17547203438046663,0.07893307216117199,0.32380157172689683,0.18361870829821605,0.11272927194806152,0.8,0.0,True,True,3.0600000000000085,0
R05,1835086220,152,342,0.9919130346283874,0.9919206005458336,0.09379949149795516,0.9919130346283874,0.21400000000000002,0.803196167461272,0.7558631499143607,0.8816734141233844,1.067367070387826,335,0.16472548901352055,0.14372537279142417,0.1208333001774069,0.25143316788807923,0.278176826668783,0.0411058434607861,0.2,0.2,True,True,3.0900000000000087,0
R05,1835086220,153,335,0.991236543360985,0.9921013390436464,0.05607942280624399,0.991236543360985,0.42400000000000004,0.8020198431997021,0.7601478888957048,0.8527064422835686,1.1115101580224347,337,0.21347370596327758,0.23069037364246203,0.12599702626147902,0.30486361567063197,0.09600184786261308,0.028973430599536165,0.8,0.2,True,True,3.120000000000009,0
R05,1835086220,154,337,0.9922299506192888,0.9923562961344012,0.07139245696198761,0.9922299506192888,0.326,0.7945376691386026,0.7721404944509196,0.8674357980552118,1.120326209931633,342,0.3216737033048032,0.1603572008443542,0.013482123621395076,0.11061742944941078,0.3200187469716923,0.07385079580834443,0.6,0.2,True,True,3.1500000000000092,0
R05,1835086220,155,342,0.9762131692109618,0.9921618029476472,0.03287919343784602,0.9762131692109618,0.526,0.7927367402151712,0.7654659359398468,0.8806922182496906,1.0964093322415982,345,0.08665582764341533,0.2157766785536365,0.02634454835093772,0.2932381685411008,0.35520480723182635,0.022779969679083273,0.6,0.4,True,True,3.1800000000000095,0
R05,1835086220,156,345,0.9907970148206299,0.9920252547117351,0.05328606645351894,0.9907970148206299,0.4,0.7887259486756422,0.764245825500104,0.8926229964247215,1.0855226128044755,353,0.15066482946561868,0.16496064502162186,0.011945553608171589,0.21117240287584282,0.4149383098758457,0.04631825915289948,0.0,0.4,True,True,3.2100000000000097,0
R05,1835086220,157,353,0.9936196254594774,0.9936198695003597,0.1211485959073878,0.9936196254594774,0.126,0.7868114205151707,0.761914871634064,0.9008605902865069,1.0749251077936648,358,0.13601671761206502,0.18022907384102332,0.10415160919736478,0.25322070068528457,0.2874994675212873,0.03888243114297492,0.6,0.0,True,True,3.24000000000001,0
R05,1835086220,158,358,0.9910854991567761,0.9911076980719887,0.08522482177825741,0.9910854991567761,0.22400000000000003,0.7888639311553013,0.7641086710838488,0.8947436381592911,1.0825660656006704,362,0.19111928789360016,0.2521368326970244,0.015689273275062098,0.28257003003057446,0.21984553450717448,0.03863904159656422,0.8,0.0,True,True,3.2700000000000102,0
R05,1835086220,159,362,0.9914367622502611,0.9918059785657436,0.06285195667780144,0.9914367622502611,0.35,0.7865617380167698,0.7653496913280936,0.8725387189483583,1.1151733620924704,361,0.1805806724804651,0.16429873901214578,0.14867536935880812,0.2823639645748071,0.1363472230249816,0.08773403154879227,1.0,0.0,True,True,3.3000000000000105,0
R05,1835086220,160,361,0.990242903334373,0.9902429133884664,0.1465090086647117,0.990242903334373,0.014000000000000002,0.7898775291764878,0.7770822067616889,0.8544740548893811,1.151352545379304,358,0.3830953770051539,0.19992409179628304,0.03819503710693657,0.2290343335839962,0.14594603917929305,0.003805121328337192,0.2,0.0,True,True,3.3300000000000107,0
R05,1835086220,161,358,0.9924664246456169,0.9924664301413602,0.15133479529613997,0.9924664246456169,0.0,0.7911793322609224,0.7711292881036829,0.8427600678935901,1.1565071312058208,360,0.09876489600097987,0.2199743480061416,0.024810493718280893,0.3992968904425962,0.16866709246573552,0.08848627936626581,0.0,0.0,True,True,3.360000000000011,0
R05,1835086220,162,360,0.9885975614683695,0.9904982727700515,0.049798069326432735,0.9885975614683695,0.42400000000000004,0.7919502869067793,0.7700130704432828,0.834576278924138,1.1650220359719015,364,0.15550308430980114,0.2611535808413892,0.058150556604817105,0.2859123755617441,0.18046108909953434,0.058819313582714236,0.8,0.2,True,True,3.3900000000000112,0
R05,1835086220,163,364,0.9910839376047453,0.993176708397029,0.04905332263814293,0.9910839376047453,0.42400000000000004,0.7952713689625293,0.7810403407377714,0.834814675268192,1.1764352890191976,362,0.3065990477081591,0.1664201813261958,0.06192828339034214,0.17815415604987472,0.21848012118233878,0.06841821034308955,0.8,0.2,True,True,3.4200000000000115,0
R05,1835086220,164,362,0.9931732489997328,0.9931733102474892,0.13214909327045526,0.9931732489997328,0.05600000000000001,0.7951101439567103,0.7796186675478028,0.8479471423803023,1.1563416119889438,366,0.15787929808649998,0.16746917652542825,0.034677561247733024,0.33988035308693537,0.28306967319464754,0.017023937858755788,0.4,0.0,True,True,3.4500000000000117,0
R05,1835086220,165,366,0.9915728213940559,0.9915728438659246,0.14011752798810698,0.9915728213940559,0.05600000000000001,0.7934175201448381,0.7730265836781309,0.8631524281422721,1.1287691888290037,368,0.09236061884647773,0.3074404538680487,0.04199726895814008,0.2370930751281745,0.31671156715213594,0.004397016047023063,0.4,0.0,True,True,3.480000000000012,0
R05,1835086220,166,368,0.9934505392697437,0.9934507974130702,0.1207000506970233,0.9934505392697437,0.126,0.7868008790561348,0.7755328308074708,0.8641282318000052,1.1406624814819624,375,0.201969703915581,0.1521859595516806,0.059089532457408715,0.3375810884752467,0.23645523235980137,0.012718483240281696,0.6,0.0,True,True,3.510000000000012,0
R05,1835086220,167,375,0.9779101543628949,0.991472742744508,0.03416365719183687,0.9779101543628949,0.526,0.7907059687532664,0.7659400224730097,0.8777154086200046,1.1036364191640955,373,0.05229791507390512,0.23623773295967382,0.016290202875812006,0.3374458791103875,0.34091762064874137,0.016810649331480174,0.6,0.4,True,True,3.5400000000000125,0
R05,1835086220,168,373,0.9472599831730933,0.9896535441417823,0.025077089371375583,0.9472599831730933,0.6,0.7912979720334631,0.7588240604364609,0.8820255313445535,1.0872261352400856,371,0.07726298858877043,0.1677177686269477,0.11845603106907143,0.2797295467736079,0.26040831793274655,0.09642534700885604,0.0,0.6,True,True,3.5700000000000127,0
R05,1835086220,169,371,0.9909923433924526,0.9927313596684638,0.05052371423226093,0.9909923433924526,0.4,0.792176258394664,0.7662308706415586,0.8736607892961508,1.1071207186997598,364,0.25435016533650867,0.23431712641273414,0.0002731100849670849,0.29121561096042636,0.1991890554302631,0.020654931775100527,0.0,0.4,True,True,3.600000000000013,0
R05,1835086220,170,364,0.9893425579113757,0.990667753221897,0.05267037819699525,0.9893425579113757,0.41400000000000003,0.7963270037184715,0.761620772170061,0.8717768476685983,1.0970893679786349,361,0.10876806325725333,0.19238229052641176,0.17519468212698472,0.19707630055001335,0.22741068651031293,0.09916797702902386,0.2,0.4,True,True,3.630000000000013,0
R05,1835086220,171,361,0.9901591491970694,0.990159154779543,0.15119162835373157,0.9901591491970694,0.014000000000000002,0.7991584355451518,0.7580649492079123,0.8679182442217226,1.0929359485626016,364,0.11906519557943009,0.3445006689099978,0.079987909735044,0.22320792012654694,0.2165954065999205,0.01664289904906056,0.2,0.0,True,True,3.6600000000000135,0
R05,1835086220,172,364,0.9918746926729703,0.9918749540450735,0.12058846950052,0.9918746926729703,0.126,0.7992781972688424,0.7503585595145356,0.8809727682349073,1.0656347896835847,363,0.06496072208773575,0.21280464580347563,0.12501652144858405,0.24567948583013738,0.29923174217678494,0.05230688265328211,0.6,0.0,True,True,3.6900000000000137,0
R05,1835086220,173,363,0.9885709765085303,0.9916833575542109,0.04588199805199158,0.9885709765085303,0.456,0.7939657628468867,0.7610362434046958,0.8811027580158779,1.0878700089122257,366,0.28994514832358725,0.1638536554119919,0.07434035239715785,0.17081398949211782,0.24113633302230644,0.05991052135283881,0.4,0.4,True,True,3.720000000000014,0
R05,1835086220,174,366,0.9776835958480025,0.9924912693574626,0.033472693871696636,0.9776835958480025,0.526,0.7961862471425843,0.7519846361475949,0.8765970063894126,1.0774430220356412,362,0.05000256141417381,0.25332836607228526,0.005137062493518005,0.3764521523260952,0.2180226208756124,0.09705723681831527,0.6,0.4,True,True,3.750000000000014,0
R05,1835086220,175,362,0.9893181732354472,0.9906963193924938,0.05235873693159004,0.9893181732354472,0.41400000000000003,0.8027393978451289,0.7617021883154557,0.877236894518376,1.0816673882925203,360,0.2789597996905066,0.1974211801397191,0.03382673066040944,0.18387487836152303,0.2414979438395235,0.06441946730831834,0.2,0.4,True,True,3.7800000000000145,0
R05,1835086220,176,360,0.9886788448826118,0.988678846838851,0.15952671843952582,0.9886788448826118,0.0,0.7994246378601698,0.7669704028922829,0.8804215385303885,1.0897086984343305,366,0.2294165499075005,0.1718937016882568,0.05707110768445536,0.19460512369935973,0.2545416673192501,0.09247184970117744,0.0,0.0,True,True,3.8100000000000147,0
R05,1835086220,177,366,0.9911650800161905,0.991165527177356,0.11630842078310295,0.9911650800161905,0.126,0.8080080592889192,0.7599762617128069,0.8923793846773497,1.0539859111979824,358,0.07942973706422655,0.28035457295696886,0.03164224163517517,0.18154243387264896,0.35238766193689436,0.07464335253408627,0.6,0.0,True,True,3.840000000000015,0
R05,1835086220,178,358,0.9940030542750854,0.9953725224980653,0.052446502634740724,0.9940030542750854,0.41400000000000003,0.8123284783394459,0.7719774486271666,0.8728183793556761,1.0888023562151945,355,0.4656216133249997,0.16771888777675167,0.011479986575090749,0.18821165731736297,0.1483846657303071,0.01858318927548793,0.2,0.4,True,True,3.870000000000015,0
R05,1835086220,179,355,0.989541337043187,0.9904547855834502,0.05563051589808074,0.989541337043187,0.41400000000000003,0.8195342865092857,0.7766877013294722,0.878088709910347,1.0792968445663544,350,0.22886406417079963,0.17178152199513702,0.0976905412924332,0.2029034704149971,0.26276084245119263,0.035999559675440405,0.2,0.4,True,True,3.9000000000000155,0
R05,1835086220,180,350,0.9916789362802404,0.9925675900876682,0.05586653366601293,0.9916789362802404,0.42400000000000004,0.8197093244256426,0.774439180772882,0.8665721505485475,1.0902415108978445,353,0.14482330637354326,0.19643075794659168,0.16238183637527726,0.26651775215855217,0.18146155814617612,0.04838478899985945,0.8,0.2,True,True,3.9300000000000157,0
R05,1835086220,181,353,0.9920214689463024,0.9920217814643146,0.1191670467714546,0.9920214689463024,0.126,0.8204140971758233,0.7772526109318715,0.8518079135564557,1.112211560434771,354,0.20669236497041943,0.2031918390149266,0.06973014647406374,0.32604747232422665,0.1594648903138143,0.034873286902549115,0.6,0.0,True,True,3.960000000000016,0
R05,1835086220,182,354,0.9929012312682362,0.9930185045670596,0.07199089799198481,0.9929012312682362,0.35,0.8285367880177753,0.7700090253736182,0.8431751789090628,1.1022147177109136,345,0.08273806235425343,0.26900066244051474,0.021983703124968404,0.34288971049245437,0.18274028354126332,0.10064757804654575,1.0,0.0,True,True,3.990000000000016,0
R05,1835086220,183,345,0.9932038458854923,0.9932038462541004,0.1728487909447799,0.9932038458854923,0.0,0.8214592574139096,0.7606726400696986,0.8564048523717828,1.0812662520591039,355,0.052050824559516894,0.2862591817565474,0.03374579023047291,0.2870156757493314,0.287735956768131,0.05319257093600042,0.0,0.0,True,True,4.0200000000000164,0
R05,1835086220,184,355,0.990771084784887,0.9916070763515451,0.05634510166575206,0.990771084784887,0.41400000000000003,0.8252647584171025,0.7703206177260412,0.8324706608077787,1.1212676332818299,343,0.28352012074784455,0.21624713125033201,0.05142325709906169,0.24775330679242288,0.1085314683658709,0.09252471574446801,0.2,0.4,True,True,4.050000000000017,0
R05,1835086220,185,343,0.989069752647961,0.9895160336187697,0.061324596808562885,0.989069752647961,0.4,0.8228362775188839,0.772456709031243,0.8426254348808412,1.114105079866892,350,0.19565152739379776,0.23983233421033512,0.032106206403607916,0.21419301248066616,0.26700920076920204,0.05120771874239086,0.0,0.4,True,True,4.080000000000017,0
R05,1835086220,186,350,0.990836084971486,0.9908362684392035,0.12339725046027326,0.990836084971486,0.126,0.8215019954306083,0.7692987727195456,0.8550458665701911,1.0952090026252106,351,0.13081123924831042,0.22277053332014013,0.05505413428105169,0.3048544535465232,0.28341487588717007,0.0030947637168042856,0.6,0.0,True,True,4.110000000000017,0
R05,1835086220,187,351,0.9923200357560285,0.9930621564310306,0.0573048716328904,0.9923200357560285,0.41400000000000003,0.8234419362685861,0.7671226048910723,0.8623850149988788,1.080265727408422,348,0.14110963509379926,0.1678930348210227,0.10254174467545751,0.27802717680703576,0.2642186754285338,0.04620973317415107,0.2,0.4,True,True,4.140000000000017,0
R05,1835086220,188,348,0.9918217020097805,0.9922763427027871,0.061199042409638145,0.9918217020097805,0.4,0.8258582387718303,0.7741001683342217,0.8562886577410137,1.0946403801119307,348,0.25417117109628695,0.1673516588232953,0.1875247990076192,0.1662080394589974,0.20071072121011385,0.02403361040368738,0.0,0.4,True,True,4.170000000000018,0
R05,1835086220,189,348,0.9863352085456858,0.986829404159706,0.06049116523753423,0.9863352085456858,0.41400000000000003,0.8213903441695547,0.7662875707045498,0.8629193922945089,1.0811151645328652,361,0.07365513483798972,0.22290000013626832,0.0739210704598501,0.35029730178345303,0.2612980016379829,0.017928491144455994,0.2,0.4,True,True,4.200000000000018,0
R05,1835086220,190,361,0.9792751368558493,0.9932593775410087,0.0339342836270183,0.9792751368558493,0.55,0.8194578625632705,0.7734947714765478,0.850342850332696,1.1100350479155106,365,0.2565197413403183,0.21618969057329585,0.02062449868425398,0.2948676042803933,0.16857698633818985,0.04322147878354877,1.0,0.2,True,True,4.230000000000018,0
R05,1835086220,191,365,0.9913198954037992,0.9918223528404004,0.0603993642026373,0.9913198954037992,0.41400000000000003,0.8184016777621405,0.7670564415481075,0.8653085652994263,1.0831530020379414,370,0.09045510806733895,0.17255532411898325,0.0523834413253478,0.312735483121612,0.3078967941372297,0.0639738492294885,0.2,0.4,True,True,4.260000000000018,0
R05,1835086220,192,370,0.9945321187132119,0.9945321197964022,0.1642790100057727,0.9945321187132119,0.0,0.8150156116883125,0.7686869452644697,0.8775824911701581,1.074720734384246,379,0.18729157242209474,0.20712978503561016,0.052917765743939006,0.2186231071916734,0.29402391200337175,0.040013857603311054,0.0,0.0,True,True,4.290000000000019,0
R05,1835086220,193,379,0.9776612392803251,0.9933027682310142,0.03304311522523846,0.9776612392803251,0.55,0.8129229391827117,0.769326904953888,0.8839019589551813,1.070674466588992,382,0.17592883690802313,0.18994571580605457,0.04114137710690411,0.29970544005924454,0.27038858451019504,0.0228900456095786,1.0,0.2,True,True,4.320000000000019,0
R05,1835086220,194,382,0.9908411950359984,0.9908412048395904,0.14671465720415502,0.9908411950359984,0.05600000000000001,0.8119829862252185,0.7808605597061936,0.8514617901604165,1.1294353974936806,388,0.3933126145511949,0.16652460578439066,0.09280869062183913,0.26190375593767407,0.07975013550376615,0.0057001976011351,0.4,0.0,True,True,4.350000000000019,0
R05,1835086220,195,388,0.9923471280745632,0.9923471310269419,0.15627993144840088,0.9923471280745632,0.014000000000000002,0.8062641509740621,0.7910338093754858,0.8423833828237002,1.1646834510106387,395,0.3027034706825242,0.1546194779223211,0.08936672308225367,0.2471863768889827,0.180338858396627,0.02578509302729137,0.2,0.0,True,True,4.380000000000019,0
R05,1835086220,196,395,0.9922918587604855,0.9922918612515123,0.15763203462264838,0.9922918587604855,0.0,0.8015966825371771,0.7974711351988839,0.8377938394345671,1.1874679556973384,400,0.26236270365215414,0.1583201359903901,0.035771030197251766,0.2798100232086131,0.1982439744661848,0.06549213248540606,0.0,0.0,True,True,4.41000000000002,0
R05,1835086220,197,400,0.9902620483564766,0.9912030995172227,0.0553995525353961,0.9902620483564766,0.42400000000000004,0.8007864658740207,0.792601024147292,0.8524695799265901,1.161071632317994,399,0.12504307135440415,0.16166532128470046,0.09166053425721106,0.275481791096926,0.29227562217739866,0.053873659829359544,0.8,0.2,True,True,4.44000000000002,0
R05,1835086220,198,399,0.980353758573397,0.9913726625277373,0.0358161835837094,0.980353758573397,0.526,0.8076531143956307,0.7827791304922846,0.8479299480811432,1.143021480374788,395,0.06010196940446451,0.3674405848942633,0.0008791763354827213,0.3626179019494434,0.20353663073606065,0.005423736680285383,0.6,0.4,True,True,4.47000000000002,0
R05,1835086220,199,395,0.9918839461050487,0.9918988114510039,0.08842324825540121,0.9918839461050487,0.256,0.8073142480645561,0.7917112914252067,0.8436270105079463,1.1624485643658125,396,0.28838896821920307,0.22341504016694202,0.035777371618376415,0.20077577071669597,0.20245028617458694,0.04919256310419567,0.4,0.2,True,True,4.50000000000002,0
R05,1835086220,200,396,0.9917755710758824,0.9928916215650508,0.05405547940320552,0.9917755710758824,0.41400000000000003,0.8066603731022606,0.8016643484626502,0.8186549789309017,1.2139503921445058,390,0.30673277010879785,0.16364061189404688,0.00930336042028057,0.2729162489307121,0.09695334736875014,0.1504536612774126,0.2,0.4,True,True,4.530000000000021,0
R05,1835086220,201,390,0.991173570620494,0.991191501300554,0.08692521127860817,0.991173570620494,0.256,0.7993697386196708,0.8056030390642861,0.8277425682230259,1.2175256022050145,387,0.23777385030960524,0.1518955454947147,0.05412059682089089,0.23961586585830694,0.2547654359260722,0.06182870559041005,0.4,0.2,True,True,4.560000000000021,0
R05,1835086220,202,387,0.9947744841391396,0.9947744949780142,0.14594707878717644,0.9947744841391396,0.05600000000000001,0.7975665869444928,0.796421025658576,0.8366307357350106,1.1935536632703667,397,0.0762267318438029,0.1828832781309841,0.09028820035784799,0.3016005274598557,0.2583121216714359,0.09068914053607352,0.4,0.0,True,True,4.590000000000021,0
R05,1835086220,203,397,0.9917784631204702,0.9917785095540715,0.13434208184708862,0.9917784631204702,0.05600000000000001,0.8002733021876247,0.7957752812544817,0.8183353734036585,1.2151245397746901,387,0.1771913359854323,0.1849770243190109,0.09997417076681045,0.34695308220520465,0.12683855621074458,0.06406583051279707,0.4,0.0,True,True,4.620000000000021,0
R05,1835086220,204,387,0.9789036343811224,0.9910525254689017,0.03503650591594379,0.9789036343811224,0.526,0.7943015878170717,0.8052111758767867,0.8204664105123544,1.2355591958507988,392,0.3028082335628633,0.15832828737776874,0.07201571289381675,0.18656171719398412,0.21982287224530878,0.060463176726258325,0.6,0.4,True,True,4.650000000000022,0
R05,1835086220,205,392,0.9919561648791213,0.991962467454534,0.09525409551130133,0.9919561648791213,0.21400000000000002,0.7996619026012166,0.7957179932294144,0.8276330315218908,1.2023058421160773,392,0.07209220183083816,0.2178150711805855,0.037206794161445955,0.35903484482256093,0.24606631030385956,0.06778477770070986,0.2,0.2,True,True,4.680000000000022,0
R05,1835086220,206,392,0.9904753950264092,0.9912571700702063,0.0568760272339829,0.9904753950264092,0.4,0.7955912719019105,0.8044045418966171,0.8337884209340145,1.212630938450227,397,0.29340560410841865,0.1604608759340381,0.08889207288214034,0.185424990317197,0.24459346282156402,0.027222993936641904,0.0,0.4,True,True,4.710000000000022,0
R05,1835086220,207,397,0.9900987856435755,0.9900987957040718,0.14650278219555352,0.9900987856435755,0.05600000000000001,0.7968078495608493,0.8122947423810213,0.8194359596460105,1.244070580498869,401,0.28888034474043783,0.23027314179570005,0.013771989773778779,0.3102467334136658,0.14513190402698722,0.011695886249430293,0.4,0.0,True,True,4.740000000000022,0
R05,1835086220,208,401,0.9918910734591039,0.9918944199826248,0.10029256579701983,0.9918910734591039,0.2,0.7970691660087826,0.8079706081127884,0.8338560937587446,1.2156496980148448,405,0.14113253563522687,0.2050376898990236,0.08005097977730367,0.1902019200691278,0.2818186503866761,0.10175822423264215,0.0,0.2,True,True,4.770000000000023,0
R05,1835086220,209,405,0.9888670496722236,0.9920518622085501,0.04570183082837588,0.9888670496722236,0.456,0.7989699501069111,0.8072185339696714,0.8228018407899943,1.2279068574779153,397,0.18308070328152926,0.15571308809295442,0.01578185730548836,0.3828043496199213,0.161656782035621,0.10096321966448571,0.4,0.4,True,True,4.800000000000023,0
R05,1835086220,210,397,0.9888698264604289,0.991679638287024,0.04669604926303496,0.9888698264604289,0.456,0.8022860222526019,0.8079188433885155,0.8372321774034646,1.2027977316203835,402,0.2007654514665963,0.29387552287931074,0.053296999460705256,0.15458423258158138,0.2835526034623482,0.013925190149458129,0.4,0.4,True,True,4.830000000000023,0
R05,1835086220,211,402,0.972547886576898,0.9953778447899136,0.030049671302133533,0.972547886576898,0.55,0.8054702261501329,0.804649431791281,0.8280255867029286,1.2064614801352354,400,0.15158163215239073,0.27882862260478336,0.06412690415889577,0.2653619513393013,0.1725831351990526,0.06751775454557639,1.0,0.2,True,True,4.860000000000023,0
R05,1835086220,212,400,0.9920018090710394,0.9921459352431005,0.0703426760893047,0.9920018090710394,0.326,0.8039222485494197,0.8075297688470221,0.8384254963441058,1.1980639948114233,402,0.22641010806631406,0.16335558887261786,0.1335158966694513,0.17454627893869648,0.2660123415573505,0.0361597858955697,0.6,0.2,True,True,4.890000000000024,0
R05,1835086220,213,402,0.9940335396248671,0.9940346854568496,0.10884126035278065,0.9940335396248671,0.2,0.8071622031745898,0.8138956099763277,0.8334726048387168,1.209808298572079,404,0.27177911964570883,0.18553035994294664,0.028145591652250248,0.24705545876139548,0.19444829064510766,0.07304117935259119,0.0,0.2,True,True,4.920000000000024,0
R05,1835086220,214,404,0.9929840594569057,0.9929840617892816,0.1581614184279751,0.9929840594569057,0.0,0.8096282704850739,0.8232008294775113,0.8222218574280825,1.2366053393987133,401,0.3906090745328666,0.16731480355990191,0.08489932574428283,0.17671530136843333,0.16048256536618694,0.01997892942832844,0.0,0.0,True,True,4.950000000000024,0
R05,1835086220,215,401,0.9928778774705128,0.9928886708040577,0.09097924024067691,0.9928778774705128,0.256,0.8139979841371638,0.8207996235176965,0.8180949446478128,1.232565791568437,396,0.17198544392576026,0.17365122038465278,0.08995645105335696,0.28650612258083696,0.19047636481269314,0.08742439724269985,0.4,0.2,True,True,4.980000000000024,0
R05,1835086220,216,396,0.9945273210550545,0.9945273518364023,0.13763661550503672,0.9945273210550545,0.05600000000000001,0.8138438271862086,0.8125542956459104,0.8237288608828468,1.2120681359272065,395,0.09743316630123337,0.3169267538334287,0.08792855903293921,0.2502683160790794,0.23721705349907637,0.010226151254243112,0.4,0.0,True,True,5.010000000000025,0
R05,1835086220,217,395,0.944355915106872,0.9927914798064144,0.024041705388571106,0.944355915106872,0.614,0.8127098319118587,0.8056687884107645,0.8413559747945621,1.17826029342641,392,0.10927759433937077,0.1732601601474303,0.05609528406631305,0.2493817294675339,0.30930159713455396,0.10268363484479787,0.2,0.6,True,True,5.040000000000025,0
R05,1835086220,218,392,0.992555062958579,0.9925572904104586,0.10353814180335161,0.992555062958579,0.21400000000000002,0.8119172140327634,0.8062231909959815,0.8395064701652634,1.1828222612264851,389,0.1979730250719402,0.20343291785281456,0.07288578493312979,0.2782041307283616,0.2114304642507872,0.03607367716296667,0.2,0.2,True,True,5.070000000000025,0
R05,1835086220,219,389,0.9913267695880537,0.9915231250067281,0.0678761258299018,0.9913267695880537,0.35,0.8067826969743103,0.8029044438113834,0.855555823148737,1.1632121629729826,393,0.14990515456501177,0.15084746482628736,0.03482111129826167,0.2735414822594398,0.3401637782545107,0.05072100879648876,1.0,0.0,True,True,5.100000000000025,0
R05,1835086220,220,393,0.9931158713175037,0.9931308534781631,0.0883708220802934,0.9931158713175037,0.256,0.8026309953383304,0.8071501474868444,0.8271174472087244,1.2158254266766757,393,0.24238657332537755,0.1725662450984102,0.059225408682528215,0.29103723519692504,0.08558603187430511,0.14919850582245375,0.4,0.2,True,True,5.130000000000026,0
R05,1835086220,221,393,0.9885571674024975,0.9915709704340904,0.04613729325680809,0.9885571674024975,0.456,0.7998493430537094,0.8080968139894632,0.8250180096195355,1.2245930012705388,397,0.20380217346201288,0.20937723244357398,0.10808497439084597,0.22655529822686313,0.20306153565841809,0.049118785818286104,0.4,0.4,True,True,5.160000000000026,0
R05,1835086220,222,397,0.98253063731761,0.9925819527074592,0.036557488643042466,0.98253063731761,0.526,0.7990418396043442,0.8064472184977499,0.8238407147485589,1.225076408128012,394,0.17194056509699807,0.17979145279035152,0.017299674775675983,0.266811604744131,0.2066225304548845,0.15753417213795895,0.6,0.4,True,True,5.190000000000026,0
R05,1835086220,223,394,0.9909262068202199,0.9918125883010601,0.05588085681596865,0.9909262068202199,0.4,0.8006194704212137,0.8144261527802673,0.8222426670305395,1.2371591019031398,396,0.2912661900925617,0.17344008824347984,0.04270556813670713,0.23790805055696485,0.2039301187841826,0.05074998418610392,0.0,0.4,True,True,5.220000000000026,0
R05,1835086220,224,396,0.992809231827539,0.9936503569062681,0.05631275673631452,0.992809231827539,0.4,0.8027150590716828,0.8179337925518037,0.8152917695029677,1.2498091005102343,397,0.24036184263187077,0.2851100444288033,0.045763346734385014,0.2349316499826624,0.17636684587741075,0.017466270344867807,0.0,0.4,True,True,5.250000000000027,0
R05,1835086220,225,397,0.9932806900200307,0.9934204514717309,0.07059768377075215,0.9932806900200307,0.326,0.8018763904875333,0.8165305735518921,0.8186160380394942,1.2438980157165447,396,0.18116838284598213,0.16949425231013646,0.14580797551684913,0.20551596888408574,0.22426722743411648,0.07374619300883022,0.6,0.2,True,True,5.280000000000027,0
R05,1835086220,226,396,0.9521486440985607,0.9914861164585879,0.025687379928325156,0.9521486440985607,0.6,0.8002672569637662,0.817403106213149,0.8367544342355449,1.220683890539956,399,0.2087382667356451,0.17675617152500595,0.004242089358254289,0.23427007057258006,0.3123542622620265,0.0636391395464881,0.0,0.6,True,True,5.310000000000027,0
R05,1835086220,227,399,0.9927168311676077,0.9927168384733368,0.14907068957292507,0.9927168311676077,0.0,0.8043105402556403,0.813238829472682,0.849603928512687,1.1900845981053736,389,0.1463234821273794,0.18613052827263624,0.0452037651327336,0.24876690972189397,0.28262468850348277,0.0909506262418741,0.0,0.0,True,True,5.340000000000027,0
R05,1835086220,228,389,0.9920694128134763,0.9920717797188253,0.10305087110153287,0.9920694128134763,0.2,0.8081850416522122,0.8120996127783625,0.8592044636970805,1.1695046981787904,379,0.1815340597414329,0.211367781660987,0.06118776986710356,0.25384314946886105,0.27280464017831113,0.019262599083304268,0.0,0.2,True,True,5.370000000000028,0
R05,1835086220,229,379,0.9907945134590168,0.9907982768509025,0.09934926262379448,0.9907945134590168,0.22400000000000003,0.8046947053981487,0.8067643811202332,0.8519665303879698,1.1767739287966443,381,0.12837186225986025,0.3424618281560598,0.0016358951041837973,0.22493932885949297,0.19341256530298695,0.1091785203174162,0.8,0.0,True,True,5.400000000000028,0
R05,1835086220,230,381,0.981685548910182,0.991106800668138,0.037060949579988296,0.981685548910182,0.526,0.8053974858140037,0.7989082487300714,0.8667698773491728,1.1444131138479812,377,0.09352608332312336,0.15963293353851407,0.020097807881388357,0.3743683118147718,0.3288166885436376,0.023558174898564852,0.6,0.4,True,True,5.430000000000028,0
R05,1835086220,231,377,0.9859948765173319,0.9869302451320388,0.05541337696186015,0.9859948765173319,0.4,0.8030867278761684,0.7887448875438536,0.873335451891848,1.1245868955230387,385,0.059775640628573275,0.2844706680514104,0.0009269724545018746,0.3560722952004443,0.26621281138796243,0.03254161227710785,0.0,0.4,True,True,5.460000000000028,0
R05,1835086220,232,385,0.9911554974950654,0.9911555002236736,0.1568977768098587,0.9911554974950654,0.0,0.8005262931738223,0.7806461494855298,0.861421226553979,1.132043334528399,384,0.07923132898586063,0.19566572154873962,0.10433600411644996,0.3457315173411186,0.1770965992565791,0.09793882875125218,0.0,0.0,True,True,5.490000000000029,0
R05,1835086220,233,384,0.9932147777176219,0.9932147803502739,0.15719926837185028,0.9932147777176219,0.014000000000000002,0.7967276209263942,0.7867517853627474,0.8580785415019259,1.150802567498921,387,0.2517242918936752,0.18024484216586256,0.11537436239430478,0.1319175936089984,0.2139971880167237,0.10674172192043553,0.2,0.0,True,True,5.520000000000029,0
R05,1835086220,234,387,0.9940490566749037,0.9940493525276458,0.11961951383464202,0.9940490566749037,0.126,0.8023582346582506,0.7869840347869111,0.8700776928111593,1.1273001729821561,381,0.18212298365376398,0.17347532611518254,0.0897955157000919,0.258849562797497,0.28903502729713026,0.006721584436334332,0.6,0.0,True,True,5.550000000000029,0
R05,1835086220,235,381,0.9939516437972619,0.9939762135646207,0.08444009193350044,0.9939516437972619,0.256,0.7963147113817528,0.779778547813688,0.8825779268209898,1.1095157781828655,385,0.08929643457653147,0.15548459556410218,0.12380126752335384,0.28344019909025814,0.29754001645473216,0.050437486791022265,0.4,0.2,True,True,5.580000000000029,0
R05,1835086220,236,385,0.9893067472501244,0.9893085696473904,0.10510967563773449,0.9893067472501244,0.2,0.7955771588630308,0.7788568337775792,0.869611943590361,1.1257704192288247,381,0.16334016693219502,0.2845823130496648,0.12302459747652097,0.23322612722955835,0.17645904725735095,0.01936774805470994,0.0,0.2,True,True,5.61000000000003,0
R05,1835086220,237,381,0.9916979964363193,0.991697998890568,0.1577456692345745,0.9916979964363193,0.014000000000000002,0.7963052855878994,0.777016228238177,0.8604236756713588,1.1340655001408382,383,0.15127795186845888,0.19321645126170117,0.1660613918856574,0.22914378080561637,0.18886463220016958,0.07143579197839665,0.2,0.0,True,True,5.64000000000003,0
R05,1835086220,238,383,0.992650926888501,0.9938597033935778,0.05342792258645383,0.992650926888501,0.42400000000000004,0.7936140364812299,0.7799389274387311,0.853279690153277,1.1517543144295779,387,0.20966888265578648,0.16045352501387972,0.04557236735348059,0.3667546160774702,0.19449191024527013,0.023058698654112964,0.8,0.2,True,True,5.67000000000003,0
R05,1835086220,239,387,0.9945726543096555,0.994592708991664,0.08606135315232644,0.9945726543096555,0.256,0.7944632933660689,0.778019815851962,0.8591289336093039,1.1398782757449106,382,0.15097293481459423,0.2131697670979502,0.12275193855507492,0.16864214540065425,0.2558860623567728,0.08857715177495351,0.4,0.2,True,True,5.70000000000003,0
R05,1835086220,240,382,0.9897658079646469,0.9910698919516696,0.05280143946754336,0.9897658079646469,0.4,0.7834897247597862,0.7857964592878547,0.8682432118982925,1.1551419762769064,383,0.2709704278561344,0.14548112494305318,0.016123728598677313,0.28886707630196934,0.27513585824959497,0.003421784050570751,0.0,0.4,True,True,5.730000000000031,0
R05,1835086220,241,383,0.9928195282795333,0.9928195327655793,0.15295353946731155,0.9928195282795333,0.0,0.7812684557663955,0.7813984691497682,0.8814188907084632,1.134723142132301,381,0.1236479103288281,0.1668253448027606,0.020641302474734995,0.18962400975116692,0.31575579188055053,0.18350564076195885,0.0,0.0,True,True,5.760000000000031,0
R05,1835086220,242,381,0.9922236231649257,0.9922239345983201,0.11919634280432259,0.9922236231649257,0.126,0.7814237607502734,0.7923285456922797,0.8687902406434491,1.1670884104155264,377,0.32300014169235397,0.16895203046271692,0.05510817195562327,0.2587701494636661,0.17756619502916104,0.016603311396478717,0.6,0.0,True,True,5.790000000000031,0
R05,1835086220,243,377,0.9900761819626909,0.9900809633937453,0.09743770255909413,0.9900761819626909,0.21400000000000002,0.7873233603367152,0.7866667259303952,0.8484126449903522,1.177688707682202,372,0.11193259403411912,0.22639122356402647,0.01761393832768894,0.3128023516995882,0.1325071420562401,0.19875275031833733,0.2,0.2,True,True,5.820000000000031,0
R05,1835086220,244,372,0.9875434567379576,0.987556250599552,0.08958286876672507,0.9875434567379576,0.256,0.7902604887106414,0.7896112494991274,0.8373239521269483,1.1932997337138798,372,0.21597324831565023,0.20029209895368685,0.022661068395385342,0.3243056583442952,0.16876285817815667,0.06800506781282578,0.4,0.2,True,True,5.850000000000032,0
R05,1835086220,245,372,0.9771213329219073,0.9902570968941672,0.03440842718841091,0.9771213329219073,0.526,0.7944942262458281,0.7832296533551188,0.8535915569142535,1.1549103289519098,364,0.10123707913684792,0.19974987896931684,0.00017182353923865786,0.3686286911420643,0.3294848300057786,0.0007276972067537371,0.6,0.4,True,True,5.880000000000032,0
R05,1835086220,246,364,0.9805059322058142,0.9930803272603363,0.03477875318126578,0.9805059322058142,0.526,0.7938422428602807,0.7744659177849642,0.8468398341897116,1.1520380583547276,364,0.06747183872001605,0.3085250000245468,0.12090960852586778,0.306056445024087,0.1930371648344177,0.003999942871064657,0.6,0.4,True,True,5.910000000000032,0
R05,1835086220,247,364,0.9750046138961872,0.9939740709530441,0.03151298923710666,0.9750046138961872,0.55,0.7945479647575145,0.7721287382334265,0.8621558507707405,1.1271554562358854,368,0.14232645422138204,0.19249016878342495,0.07603615583389468,0.24759482353190393,0.3269506872005526,0.0146017104288419,1.0,0.2,True,True,5.940000000000032,0
R05,1835086220,248,368,0.9798119487453439,0.9917794226798667,0.03516210494467364,0.9798119487453439,0.526,0.8001156466001507,0.7683836218282426,0.8618423229415539,1.114288166814647,366,0.12326650633109275,0.19625055694222646,0.04968637544926142,0.3947043813679188,0.22951028623943712,0.006581893670063375,0.6,0.4,True,True,5.970000000000033,0
R05,1835086220,249,366,0.9915512185571201,0.9915654739918259,0.0887540562034754,0.9915512185571201,0.256,0.8042599939954809,0.77204012568162,0.8506338310882317,1.1284978997483346,362,0.21344606180986825,0.20853068525560867,0.07404033534847607,0.2505143703287211,0.1748787022041653,0.07858984505316059,0.4,0.2,True,True,6.000000000000033,0
R05,1835086220,250,362,0.9919298452353644,0.9919298471047512,0.15991434415480804,0.9919298452353644,0.0,0.8007459911141928,0.7662562162245945,0.8646625861281652,1.106706778982196,362,0.09772621033819373,0.19751970952900622,0.022479958591134257,0.3601292906739434,0.2954606907437833,0.026684140123939142,0.0,0.0,True,True,6.030000000000033,0
R05,1835086220,251,362,0.9917533860169032,0.9919797874582202,0.06674640911011359,0.9917533860169032,0.35,0.8024340184276776,0.7683111001923806,0.8579438281427321,1.1160121465523878,369,0.1920961847376969,0.20354311300447545,0.1636511180238295,0.23351727409704645,0.19873750313691685,0.008454807000034875,1.0,0.0,True,True,6.060000000000033,0
R05,1835086220,252,369,0.9917669678154684,0.9917805625337752,0.0891335428593521,0.9917669678154684,0.256,0.805803578904103,0.7633265447902408,0.8721494453284588,1.086151145188068,363,0.10538749509348977,0.16864822133002652,0.055096943249118055,0.30540405187763214,0.35095249009942503,0.014510798350308534,0.4,0.2,True,True,6.090000000000034,0
R05,1835086220,253,363,0.9931703901098697,0.9931703960633287,0.15070364522460933,0.9931703901098697,0.05600000000000001,0.8027832401808095,0.7583510697803686,0.8844683123405345,1.0680454359905964,370,0.1023856528704986,0.15597544096864108,0.05236420858474353,0.28448564570164064,0.2976690577246077,0.10711999414986831,0.4,0.0,True,True,6.120000000000034,0
R05,1835086220,254,370,0.989257728313686,0.9892577324643798,0.15354339816600177,0.989257728313686,0.0,0.805523539460523,0.7704335162913502,0.8794707140794252,1.0875157348652318,375,0.33414589122249505,0.301826502423967,0.0054044469154167565,0.09283208942288708,0.21724616486472087,0.048544905150513164,0.0,0.0,True,True,6.150000000000034,0
R05,1835086220,255,375,0.9915376917971253,0.9915472366279544,0.0919470021985391,0.9915376917971253,0.256,0.812956595846271,0.7684938724635542,0.8742914332630185,1.0812268626541868,362,0.14477539983464388,0.18372118329594841,0.049486465015281256,0.23476705673051157,0.21383895295767907,0.1734109421659359,0.4,0.2,True,True,6.180000000000034,0
R05,1835086220,256,362,0.9918580666392669,0.9918582120781149,0.12525444643408187,0.9918580666392669,0.126,0.8147072245039763,0.7644660891671498,0.8705289470896163,1.0778875133122259,355,0.11746137908466646,0.19406813979627996,0.10928710376767384,0.2703589443016523,0.21833328576449823,0.09049114728522922,0.6,0.0,True,True,6.210000000000035,0
R05,1835086220,257,355,0.9942855722641071,0.994810637396239,0.06007297733120088,0.9942855722641071,0.4,0.8170541706939775,0.7695623614864385,0.8450624311920508,1.1145618474886927,351,0.22899470972057867,0.3151452830666667,0.03270602897358637,0.3036071715021158,0.10793189405698102,0.01161491268007152,0.0,0.4,True,True,6.240000000000035,0
R05,1835086220,258,351,0.9902882446315655,0.9902926817739693,0.09803425553688495,0.9902882446315655,0.21400000000000002,0.7992742378423872,0.7788188711707941,0.8559427997252416,1.1384026765054083,360,0.28418284698346824,0.14133369654441033,0.01791708391553402,0.2427856801163704,0.2769330582619794,0.03684763417823752,0.2,0.2,True,True,6.270000000000035,0
R05,1835086220,259,360,0.9905274316283991,0.9905274480984773,0.14258247755480505,0.9905274316283991,0.05600000000000001,0.7965562252129746,0.7836180639436578,0.8505631469226088,1.1565953475172956,363,0.23425170414254326,0.15575900812401078,0.04055806211858021,0.26038285979281667,0.20107313584945707,0.10797522997259211,0.4,0.0,True,True,6.300000000000035,0
R05,1835086220,260,363,0.9911915511320593,0.9929569845967301,0.050405511867527876,0.9911915511320593,0.42400000000000004,0.7979405653791837,0.7767510957462047,0.8529407486603651,1.1412806852296085,368,0.09142418749662216,0.32806762448906124,0.08636363224471257,0.19953833475768537,0.23716958215008555,0.057436638861833006,0.8,0.2,True,True,6.330000000000036,0
R05,1835086220,261,368,0.9894993874650801,0.9916266395095275,0.04891080515145997,0.9894993874650801,0.456,0.7982057945776833,0.7755249081563909,0.8446346162972812,1.1503023267830466,371,0.15764208996870455,0.19232053468625346,0.012414649513359553,0.34413262554225627,0.18493971251476304,0.10855038777466318,0.4,0.4,True,True,6.360000000000036,0
R05,1835086220,262,371,0.992391840865287,0.9923920364453164,0.12290084424352171,0.992391840865287,0.126,0.8013121628580213,0.7775913912405474,0.8462860096511897,1.146654415163556,372,0.1980341061497009,0.18315054265760847,0.03154594097795464,0.23927868796319912,0.23057427491818294,0.11741644733335396,0.6,0.0,True,True,6.390000000000036,0
R05,1835086220,263,372,0.9896641085683001,0.9922826589263455,0.04726204676870256,0.9896641085683001,0.456,0.8030888008689172,0.7855532720257752,0.8420892461425796,1.1615929057324967,361,0.27301812934068953,0.1619646477754689,0.08290478872226835,0.23485220470537604,0.20215918728254417,0.0451010421736529,0.4,0.4,True,True,6.420000000000036,0
R05,1835086220,264,361,0.9918477810120095,0.9918477968685926,0.14289524984385768,0.9918477810120095,0.05600000000000001,0.8104855382092094,0.7821429397549999,0.8404951968012169,1.1481684885136798,355,0.13584164163141887,0.20979702509927092,0.06651795082787904,0.2861193116255255,0.21307437636447618,0.08864969445142942,0.4,0.0,True,True,6.450000000000037,0
R05,1835086220,265,355,0.9946628201223916,0.9946763601439564,0.08918884181639634,0.9946628201223916,0.256,0.8121561755648452,0.772115555803527,0.8414625402414966,1.1298166333670085,357,0.050997037953463005,0.3582439296714646,0.0946316829938821,0.26784644536444685,0.22508431560200676,0.0031965884147367764,0.4,0.2,True,True,6.480000000000037,0
R05,1835086220,266,357,0.9920723505336458,0.9920723638288488,0.1442994695288749,0.9920723505336458,0.05600000000000001,0.8064678432443692,0.7649049269250977,0.8342812111602522,1.1368624970696242,361,0.07993936139683844,0.1542462308685059,0.027837076853926696,0.49856264960152735,0.18482462471452651,0.05459005656467525,0.4,0.0,True,True,6.510000000000037,0
R05,1835086220,267,361,0.9910020147000274,0.9910046785040041,0.10210164781411224,0.9910020147000274,0.21400000000000002,0.8087254004321575,0.761856547854779,0.832502152554847,1.131583889540769,359,0.12746084094920201,0.22528394693910309,0.12430906927129694,0.24594205305744446,0.20824531255310047,0.06875877722985307,0.2,0.2,True,True,6.540000000000037,0
R05,1835086220,268,359,0.9946720653428793,0.9946720667220155,0.1623574012903568,0.9946720653428793,0.0,0.8080972613191862,0.7586269990514308,0.8467979619965548,1.1086254797860648,364,0.12329098236738568,0.16020929891319127,0.09516216447330957,0.29374345209495445,0.28773012348596233,0.03986397866519656,0.0,0.0,True,True,6.570000000000038,0
R05,1835086220,269,364,0.9913197563181306,0.9913242990439988,0.09785534895613314,0.9913197563181306,0.2,0.8114813421015998,0.7653693351177699,0.834742772424233,1.1298995919176749,361,0.24592107523638285,0.2464196626659051,0.036807661609975575,0.21385309475507752,0.16312303313666832,0.09387547259599065,0.0,0.2,True,True,6.600000000000038,0
R05,1835086220,270,361,0.9901965585768149,0.9928206444298083,0.0472495518387661,0.9901965585768149,0.456,0.8109190795453936,0.7579287976531796,0.8386788070488453,1.1144362262210201,363,0.07284911614122627,0.18171535542816,0.04351997846880639,0.2512854242102529,0.23705155933517813,0.21357856641637635,0.4,0.4,True,True,6.630000000000038,0
R05,1835086220,271,363,0.9903812350829884,0.9903830210709862,0.10527895877026336,0.9903812350829884,0.21400000000000002,0.809157822050776,0.7649576092793162,0.8402105563078209,1.1251644412281387,366,0.24906564385994556,0.2362009823326291,0.03440466266996323,0.18070166402184512,0.22699814981930067,0.07262889729631641,0.2,0.2,True,True,6.660000000000038,0
R05,1835086220,272,366,0.9936604102733954,0.9937994566314977,0.07064155259095042,0.9936604102733954,0.35,0.8141909696845444,0.7596625294602234,0.8561895006770388,1.0897440994685033,360,0.09941000806091253,0.17331194391732732,1.62063419916301e-08,0.28568872216397156,0.35430361545137745,0.08728569420006915,1.0,0.0,True,True,6.690000000000039,0
R05,1835086220,273,360,0.9894608532004926,0.9894720156114681,0.0906841574583875,0.9894608532004926,0.256,0.816098668666421,0.7512080099605885,0.870570550609335,1.0573373379525939,360,0.05660758716720246,0.3386374325094803,0.03362647519228824,0.2504953122847344,0.3023853065776399,0.01824788626865462,0.4,0.2,True,True,6.720000000000039,0
R05,1835086220,274,360,0.9816907642304538,0.9912525021516977,0.036944298337815706,0.9816907642304538,0.526,0.8138255307717538,0.7608223038104827,0.8620884776562093,1.0844264080033947,362,0.27718367934904564,0.1643871373907264,0.010679334388395365,0.189366032172035,0.1928749105390392,0.1655089061607584,0.6,0.4,True,True,6.750000000000039,0
R05,1835086220,275,362,0.9931155738543339,0.993115778441429,0.1225482519299468,0.9931155738543339,0.126,0.8158899110212325,0.7626129919852961,0.8476233422000186,1.102731368765822,360,0.18539754206671946,0.19150286237713862,0.06210021029303938,0.29891939044847815,0.15871856154715094,0.1033614332674735,0.6,0.0,True,True,6.780000000000039,0
R05,1835086220,276,360,0.9867882301251317,0.9874559874725124,0.05810028752985399,0.9867882301251317,0.42400000000000004,0.815745746696695,0.7628630417276606,0.8604534215487416,1.0868369406714098,352,0.16725874177036706,0.15054439768923872,0.11938526737870074,0.2474637604040727,0.2879620678436247,0.027385764913996167,0.8,0.2,True,True,6.81000000000004,0
R05,1835086220,277,352,0.9914247244883021,0.9914247264501805,0.1595258818230636,0.9914247244883021,0.0,0.8166079973789555,0.7611738467347015,0.8583208772120681,1.0859768137955865,351,0.14317446366779898,0.2336496540318448,0.02384209712866031,0.24546326289741818,0.21956398909100283,0.13430653318327482,0.0,0.0,True,True,6.84000000000004,0
R05,1835086220,278,351,0.9920988871055827,0.9942217227647728,0.04894815250776505,0.9920988871055827,0.456,0.8123229493535118,0.7707147973562851,0.8631564462086547,1.0991968019319969,349,0.28249553697898433,0.16646581136104927,0.062079499152040675,0.09197923786158871,0.25333828358896754,0.14364163105736955,0.4,0.4,True,True,6.87000000000004,0
R05,1835086220,279,349,0.990853159585908,0.9908559487751811,0.10173432303928978,0.990853159585908,0.22400000000000003,0.8191041591842098,0.7756481855621601,0.8400362918101767,1.1272690949029431,343,0.23086410092111553,0.27906801922032126,0.04823391913066404,0.2968651868567196,0.11597745111193707,0.02899132275924255,0.8,0.0,True,True,6.90000000000004,0
R05,1835086220,280,343,0.9904110672813747,0.9904110684230828,0.16382714060955214,0.9904110672813747,0.0,0.8215295392018158,0.7733703540735778,0.8313792170415738,1.1323095563175796,338,0.14380722236907154,0.2763773055782699,0.05008799429939109,0.3493983228657642,0.17673277206207408,0.0035963828254292497,0.0,0.0,True,True,6.930000000000041,0
R05,1835086220,281,338,0.9897679789243302,0.9902461920706336,0.06078036496699543,0.9897679789243302,0.4,0.8252930838414783,0.7791102177797127,0.8477980594192943,1.113520652302665,337,0.2426047676226723,0.18078822656953825,0.016132235698815816,0.24401887146578805,0.2977838204093895,0.01867207823379618,0.0,0.4,True,True,6.960000000000041,0
R05,1835086220,282,337,0.9888195590236459,0.9891842645612943,0.0629287358797154,0.9888195590236459,0.4,0.8226976812143568,0.7826917533172756,0.8473830056059115,1.122718127428409,343,0.21921308033185716,0.17476111039909534,0.024221716657761003,0.34368977877931706,0.22182376064273318,0.016290553189236213,0.0,0.4,True,True,6.990000000000041,0
R05,1835086220,283,343,0.9916608836244077,0.9916608842228231,0.1689793539818996,0.9916608836244077,0.0,0.8211398759163054,0.7774207637335995,0.8432496364541449,1.1227493969575244,343,0.11079497602734611,0.19386127907734155,0.01586547065874197,0.37538768786861415,0.20302465704412254,0.10106592932383364,0.0,0.0,True,True,7.020000000000041,0
R05,1835086220,284,343,0.9926181111956902,0.9926181151783219,0.15389940303442673,0.9926181111956902,0.014000000000000002,0.8176104065301599,0.7794729984843092,0.8281636383484666,1.1511674647041603,350,0.19904091171737037,0.18645894393896933,0.09413730384270314,0.344621865468627,0.1461948276986812,0.029546147333649048,0.2,0.0,True,True,7.050000000000042,0
R05,1835086220,285,350,0.9883285768775016,0.9890343740946602,0.05767198811799427,0.9883285768775016,0.4,0.8145412141891416,0.786790610802822,0.8313747104669413,1.1618479481769175,355,0.2661407780341025,0.18340598808431094,0.0976452156389992,0.1887984075174938,0.2301371797666067,0.03387243095848686,0.0,0.4,True,True,7.080000000000042,0
R05,1835086220,286,355,0.9892987148958132,0.989298854548872,0.12555701535762429,0.9892987148958132,0.126,0.8106895655944708,0.7903518837687675,0.8365659133870506,1.1653751271633457,362,0.22376004382608303,0.25776562982113277,0.040573527347758584,0.21680846109726998,0.24164336983401682,0.019448968073738877,0.6,0.0,True,True,7.110000000000042,0
R05,1835086220,287,362,0.9906011032080572,0.990601109228482,0.1505939891259977,0.9906011032080572,0.014000000000000002,0.8122607569249582,0.8008342895803291,0.8150252761253861,1.2096956281516622,360,0.31962815747640017,0.21168919247031887,0.08664990560176622,0.17655081249550345,0.11057977038520324,0.09490216157080797,0.2,0.0,True,True,7.140000000000042,0
R05,1835086220,288,360,0.9868520936911456,0.9895810786897541,0.04691152341147779,0.9868520936911456,0.456,0.8135919494423537,0.7979862063439614,0.8166004570067003,1.2010998789134009,360,0.15242039053310955,0.2032579979378628,0.09305864257930314,0.26307733224100993,0.2153885424692637,0.07279709423945076,0.4,0.4,True,True,7.170000000000043,0
R05,1835086220,289,360,0.988140751480915,0.9906242150800842,0.047670350276360456,0.988140751480915,0.456,0.8124982321505657,0.8001986406351453,0.8284148694126539,1.1888511959866108,361,0.21389680760477503,0.2228388317828934,0.02476277782784393,0.19126390202391078,0.267372290533118,0.07986539022745881,0.4,0.4,True,True,7.200000000000043,0
R05,1835086220,290,361,0.9920841075634951,0.9920875661860391,0.10003184433946367,0.9920841075634951,0.22400000000000003,0.8119016158360233,0.794733551720489,0.8169493453743192,1.1981826136376066,357,0.11931053896376072,0.2725055934039631,0.13585510478446972,0.28531125408800856,0.1568798145146533,0.030137694245144713,0.8,0.0,True,True,7.230000000000043,0
R05,1835086220,291,357,0.9912736194927425,0.9912786626081219,0.09702318030708217,0.9912736194927425,0.22400000000000003,0.8133523028249253,0.7962522850380643,0.8222408889682328,1.1906193081008938,360,0.2031926362949969,0.18904519915739953,0.027128544758740686,0.16595122557021053,0.23493239065672744,0.179750003561925,0.8,0.0,True,True,7.260000000000043,0
R05,1835086220,292,360,0.9932308424801879,0.9937518452547592,0.06012632628574846,0.9932308424801879,0.4,0.8144452837059399,0.793298525353014,0.8151690366679505,1.1948876135316435,362,0.1482356820856619,0.22381259981398982,0.030191369165128556,0.3020288213976506,0.1757611829827047,0.11997034455486452,0.0,0.4,True,True,7.290000000000044,0
R05,1835086220,293,362,0.9875672393574645,0.9904364840365456,0.046519449646163724,0.9875672393574645,0.456,0.8132584785128903,0.7864690820708503,0.8108194921815091,1.1926935589477012,359,0.09794353731858722,0.2681367079167672,0.0645793499247874,0.3126874397226496,0.1858367959017679,0.07081616921544068,0.4,0.4,True,True,7.320000000000044,0
R05,1835086220,294,359,0.9926815480624316,0.9928217729404798,0.07056653457921701,0.9926815480624316,0.35,0.8129849719531163,0.7769322714823413,0.8291260342892937,1.1526039175264373,365,0.05983304393791968,0.23140601875376643,0.04364273014165331,0.301846642239843,0.2969424566296775,0.0663291082971401,1.0,0.0,True,True,7.350000000000044,0
R05,1835086220,295,365,0.9894081125678861,0.9907784936017429,0.05240437479548549,0.9894081125678861,0.42400000000000004,0.8106660888517381,0.7831744042587258,0.8371385475898312,1.1540354207001335,366,0.2511093293812685,0.15468884590549045,0.06163807938349371,0.22999921378934896,0.2546255836473346,0.04793894789306391,0.8,0.2,True,True,7.380000000000044,0
R05,1835086220,296,366,0.9916407225906007,0.9916411689413865,0.11632667870031771,0.9916407225906007,0.126,0.8137927349751266,0.7835618775646475,0.8534246928308481,1.1282212757286787,350,0.18182741898572546,0.17752575751892075,0.057600982651803245,0.20614970976943367,0.30243434904695554,0.07446178202716139,0.6,0.0,True,True,7.4100000000000446,0
R05,1835086220,297,350,0.9905917443433858,0.9912930618621336,0.05774082970676732,0.9905917443433858,0.4,0.8140634505198975,0.7787827096060359,0.848635965854647,1.1272924824948682,348,0.11748657399526038,0.22865744843994545,0.054037835296928176,0.233457706551783,0.20276871153441833,0.1635917241816647,0.0,0.4,True,True,7.440000000000045,0
R05,1835086220,298,348,0.9902325587955274,0.9904911122109578,0.06567741534216608,0.9902325587955274,0.35,0.8179728723139572,0.7711161085905591,0.8637723692691822,1.0913940137053881,346,0.07840668081031318,0.20358516025738327,0.0012733800586817521,0.25421530303968437,0.4569982466549047,0.005521229179032824,1.0,0.0,True,True,7.470000000000045,0
R05,1835086220,299,346,0.98938248154441,0.9918629202149021,0.04768999907143591,0.98938248154441,0.456,0.8147707201867772,0.7747885977652058,0.8675236336730179,1.0961411759824689,342,0.2153536825521823,0.22160466438906312,0.033815459059550815,0.2070844541469263,0.2506425066537694,0.07149923319850804,0.4,0.4,True,True,7.500000000000045,0
